// MilkShape 3D ASCII

Frames: 80
Frame: 1

Meshes: 2
"BlackSphere" 0 0
80
0 -0.000001 8.614884 -24.020878 0.750000 0.375000 -1
0 0.000000 12.832388 -18.384775 0.750000 0.250000 -1
0 5.681209 12.832388 -17.484962 0.700000 0.250000 -1
0 7.422857 8.614884 -22.845203 0.700000 0.375000 -1
0 -0.000001 3.640000 -26.000019 0.750000 0.500000 -1
0 8.034443 3.640000 -24.727470 0.700000 0.500000 -1
0 0.000000 15.650434 -9.949770 0.750000 0.125000 -1
0 3.074649 15.650434 -9.462793 0.700000 0.125000 -1
0 14.119112 8.614884 -19.433289 0.650000 0.375000 -1
0 15.282419 3.640000 -21.034443 0.650000 0.500000 -1
0 5.848330 15.650434 -8.049533 0.650000 0.125000 -1
0 10.806303 12.832388 -14.873597 0.650000 0.250000 -1
0 19.433290 8.614884 -14.119112 0.600000 0.375000 -1
0 21.034445 3.640000 -15.282416 0.600000 0.500000 -1
0 8.049536 15.650434 -5.848327 0.600000 0.125000 -1
0 14.873600 12.832388 -10.806300 0.600000 0.250000 -1
0 17.484964 12.832388 -5.681207 0.550000 0.250000 -1
0 22.845205 8.614884 -7.422857 0.550000 0.375000 -1
0 24.727472 3.640000 -8.034441 0.550000 0.500000 -1
0 9.462796 15.650434 -3.074646 0.550000 0.125000 -1
0 18.384779 12.832388 0.000003 0.500000 0.250000 -1
0 24.020872 8.614884 0.000000 0.500000 0.375000 -1
0 26.000004 3.640000 0.000002 0.500000 0.500000 -1
0 9.949774 15.650434 0.000003 0.500000 0.125000 -1
0 22.845207 8.614884 7.422858 0.450000 0.375000 -1
0 24.727472 3.640000 8.034445 0.450000 0.500000 -1
0 9.462797 15.650434 3.074652 0.450000 0.125000 -1
0 17.484962 12.832388 5.681212 0.450000 0.250000 -1
0 19.433294 8.614884 14.119116 0.400000 0.375000 -1
0 21.034445 3.640000 15.282421 0.400000 0.500000 -1
0 8.049537 15.650434 5.848333 0.400000 0.125000 -1
0 14.873597 12.832388 10.806305 0.400000 0.250000 -1
0 10.806300 12.832388 14.873602 0.350000 0.250000 -1
0 14.119114 8.614884 19.433294 0.350000 0.375000 -1
0 15.282419 3.640000 21.034449 0.350000 0.500000 -1
0 5.848330 15.650434 8.049540 0.350000 0.125000 -1
0 5.681207 12.832388 17.484966 0.300000 0.250000 -1
0 7.422859 8.614884 22.845207 0.300000 0.375000 -1
0 8.034444 3.640000 24.727478 0.300000 0.500000 -1
0 3.074649 15.650434 9.462800 0.300000 0.125000 -1
0 0.000001 8.614884 24.020874 0.250000 0.375000 -1
0 -0.000000 3.640000 26.000010 0.250000 0.500000 -1
0 -0.000001 15.650434 9.949776 0.250000 0.125000 -1
0 -0.000002 12.832388 18.384781 0.250000 0.250000 -1
0 -3.074650 15.650434 9.462799 0.200000 0.125000 -1
0 -5.681211 12.832388 17.484966 0.200000 0.250000 -1
0 -7.422855 8.614884 22.845209 0.200000 0.375000 -1
0 -8.034445 3.640000 24.727480 0.200000 0.500000 -1
0 -10.806304 12.832388 14.873602 0.150000 0.250000 -1
0 -14.119112 8.614884 19.433296 0.150000 0.375000 -1
0 -15.282423 3.640000 21.034451 0.150000 0.500000 -1
0 -5.848331 15.650434 8.049539 0.150000 0.125000 -1
0 -19.433294 8.614884 14.119119 0.100000 0.375000 -1
0 -21.034451 3.640000 15.282426 0.100000 0.500000 -1
0 -8.049537 15.650434 5.848332 0.100000 0.125000 -1
0 -14.873603 12.832388 10.806304 0.100000 0.250000 -1
0 -22.845209 8.614884 7.422861 0.050000 0.375000 -1
0 -24.727482 3.640000 8.034449 0.050000 0.500000 -1
0 -9.462798 15.650434 3.074651 0.050000 0.125000 -1
0 -17.484970 12.832388 5.681209 0.050000 0.250000 -1
0 -18.384785 12.832388 -0.000001 0.000000 0.250000 -1
0 -24.020874 8.614884 0.000003 0.000000 0.375000 -1
0 -26.000015 3.640000 0.000002 0.000000 0.500000 -1
0 -9.949776 15.650434 0.000002 0.000000 0.125000 -1
0 -17.484970 12.832388 -5.681213 0.950000 0.250000 -1
0 -22.845211 8.614884 -7.422855 0.950000 0.375000 -1
0 -24.727486 3.640000 -8.034445 0.950000 0.500000 -1
0 -9.462799 15.650434 -3.074648 0.950000 0.125000 -1
0 -19.433300 8.614884 -14.119116 0.900000 0.375000 -1
0 -21.034458 3.640000 -15.282426 0.900000 0.500000 -1
0 -8.049538 15.650434 -5.848330 0.900000 0.125000 -1
0 -14.873605 12.832388 -10.806309 0.900000 0.250000 -1
0 -14.119120 8.614884 -19.433296 0.850000 0.375000 -1
0 -15.282429 3.640000 -21.034456 0.850000 0.500000 -1
0 -5.848331 15.650434 -8.049537 0.850000 0.125000 -1
0 -10.806305 12.832388 -14.873606 0.850000 0.250000 -1
0 -5.681209 12.832388 -17.484972 0.800000 0.250000 -1
0 -7.422861 8.614884 -22.845211 0.800000 0.375000 -1
0 -3.074650 15.650434 -9.462798 0.800000 0.125000 -1
0 -8.034449 3.640000 -24.727488 0.800000 0.500000 -1
80
0.000001 0.608672 -0.793422
0.000000 0.885994 -0.463696
0.143290 0.885994 -0.441001
0.245182 0.608671 -0.754589
0.000001 0.369648 -0.929172
0.287131 0.369648 -0.883695
0.000000 0.976916 -0.213622
0.066013 0.976916 -0.203166
0.466362 0.608671 -0.641892
0.546153 0.369648 -0.751716
0.125564 0.976916 -0.172824
0.272554 0.885994 -0.375138
0.641892 0.608671 -0.466362
0.751716 0.369648 -0.546153
0.172824 0.976916 -0.125563
0.375138 0.885994 -0.272554
0.441001 0.885994 -0.143290
0.754590 0.608671 -0.245181
0.883695 0.369648 -0.287130
0.203166 0.976916 -0.066013
0.463696 0.885994 0.000000
0.793423 0.608671 0.000000
0.929172 0.369648 0.000000
0.213622 0.976916 0.000000
0.754590 0.608671 0.245181
0.883695 0.369648 0.287130
0.203166 0.976916 0.066013
0.441001 0.885994 0.143290
0.641892 0.608671 0.466362
0.751716 0.369648 0.546153
0.172824 0.976916 0.125563
0.375138 0.885994 0.272554
0.272553 0.885994 0.375138
0.466362 0.608671 0.641893
0.546153 0.369648 0.751716
0.125563 0.976916 0.172824
0.143290 0.885994 0.441001
0.245181 0.608671 0.754590
0.287130 0.369648 0.883695
0.066013 0.976916 0.203166
-0.000000 0.608671 0.793423
0.000000 0.369648 0.929172
0.000000 0.976916 0.213622
-0.000000 0.885994 0.463696
-0.066013 0.976916 0.203166
-0.143290 0.885994 0.441001
-0.245181 0.608671 0.754590
-0.287130 0.369648 0.883695
-0.272553 0.885994 0.375138
-0.466362 0.608671 0.641893
-0.546153 0.369648 0.751716
-0.125563 0.976916 0.172824
-0.641892 0.608671 0.466362
-0.751716 0.369648 0.546153
-0.172824 0.976916 0.125563
-0.375138 0.885994 0.272554
-0.754589 0.608672 0.245181
-0.883695 0.369649 0.287130
-0.203166 0.976917 0.066013
-0.441001 0.885994 0.143290
-0.463696 0.885994 0.000000
-0.793422 0.608672 0.000000
-0.929171 0.369649 0.000000
-0.213621 0.976917 0.000000
-0.441001 0.885994 -0.143290
-0.754590 0.608672 -0.245181
-0.883695 0.369649 -0.287130
-0.203166 0.976916 -0.066013
-0.641892 0.608672 -0.466362
-0.751716 0.369649 -0.546153
-0.172824 0.976916 -0.125563
-0.375138 0.885994 -0.272554
-0.466362 0.608672 -0.641892
-0.546153 0.369649 -0.751716
-0.125563 0.976916 -0.172824
-0.272554 0.885994 -0.375138
-0.143289 0.885995 -0.441001
-0.245181 0.608672 -0.754589
-0.066012 0.976916 -0.203166
-0.287130 0.369649 -0.883695
138
0 0 1 2 0 1 2 1
0 0 2 3 0 2 3 1
0 4 0 3 4 0 3 1
0 4 3 5 4 3 5 1
0 1 6 7 1 6 7 1
0 1 7 2 1 7 2 1
0 5 3 8 5 3 8 1
0 5 8 9 5 8 9 1
0 2 7 10 2 7 10 1
0 2 10 11 2 10 11 1
0 3 2 11 3 2 11 1
0 3 11 8 3 11 8 1
0 9 8 12 9 8 12 1
0 9 12 13 9 12 13 1
0 11 10 14 11 10 14 1
0 11 14 15 11 14 15 1
0 8 11 15 8 11 15 1
0 8 15 12 8 15 12 1
0 12 15 16 12 15 16 1
0 12 16 17 12 16 17 1
0 13 12 17 13 12 17 1
0 13 17 18 13 17 18 1
0 15 14 19 15 14 19 1
0 15 19 16 15 19 16 1
0 17 16 20 17 16 20 1
0 17 20 21 17 20 21 1
0 18 17 21 18 17 21 1
0 18 21 22 18 21 22 1
0 16 19 23 16 19 23 1
0 16 23 20 16 23 20 1
0 22 21 24 22 21 24 1
0 22 24 25 22 24 25 1
0 20 23 26 20 23 26 1
0 20 26 27 20 26 27 1
0 21 20 27 21 20 27 1
0 21 27 24 21 27 24 1
0 25 24 28 25 24 28 1
0 25 28 29 25 28 29 1
0 27 26 30 27 26 30 1
0 27 30 31 27 30 31 1
0 24 27 31 24 27 31 1
0 24 31 28 24 31 28 1
0 28 31 32 28 31 32 1
0 28 32 33 28 32 33 1
0 29 28 33 29 28 33 1
0 29 33 34 29 33 34 1
0 31 30 35 31 30 35 1
0 31 35 32 31 35 32 1
0 33 32 36 33 32 36 1
0 33 36 37 33 36 37 1
0 34 33 37 34 33 37 1
0 34 37 38 34 37 38 1
0 32 35 39 32 35 39 1
0 32 39 36 32 39 36 1
0 38 37 40 38 37 40 1
0 38 40 41 38 40 41 1
0 36 39 42 36 39 42 1
0 36 42 43 36 42 43 1
0 37 36 43 37 36 43 1
0 37 43 40 37 43 40 1
0 43 42 44 43 42 44 1
0 43 44 45 43 44 45 1
0 40 43 45 40 43 45 1
0 40 45 46 40 45 46 1
0 41 40 46 41 40 46 1
0 41 46 47 41 46 47 1
0 46 45 48 46 45 48 1
0 46 48 49 46 48 49 1
0 47 46 49 47 46 49 1
0 47 49 50 47 49 50 1
0 45 44 51 45 44 51 1
0 45 51 48 45 51 48 1
0 50 49 52 50 49 52 1
0 50 52 53 50 52 53 1
0 48 51 54 48 51 54 1
0 48 54 55 48 54 55 1
0 49 48 55 49 48 55 1
0 49 55 52 49 55 52 1
0 53 52 56 53 52 56 1
0 53 56 57 53 56 57 1
0 55 54 58 55 54 58 1
0 55 58 59 55 58 59 1
0 52 55 59 52 55 59 1
0 52 59 56 52 59 56 1
0 56 59 60 56 59 60 1
0 56 60 61 56 60 61 1
0 57 56 61 57 56 61 1
0 57 61 62 57 61 62 1
0 59 58 63 59 58 63 1
0 59 63 60 59 63 60 1
0 61 60 64 61 60 64 1
0 61 64 65 61 64 65 1
0 62 61 65 62 61 65 1
0 62 65 66 62 65 66 1
0 60 63 67 60 63 67 1
0 60 67 64 60 67 64 1
0 66 65 68 66 65 68 1
0 66 68 69 66 68 69 1
0 64 67 70 64 67 70 1
0 64 70 71 64 70 71 1
0 65 64 71 65 64 71 1
0 65 71 68 65 71 68 1
0 69 68 72 69 68 72 1
0 69 72 73 69 72 73 1
0 71 70 74 71 70 74 1
0 71 74 75 71 74 75 1
0 68 71 75 68 71 75 1
0 68 75 72 68 75 72 1
0 72 75 76 72 75 76 1
0 72 76 77 72 76 77 1
0 6 78 74 6 78 74 1
0 6 74 70 6 74 70 1
0 6 70 67 6 70 67 1
0 6 67 63 6 67 63 1
0 6 63 58 6 63 58 1
0 6 58 54 6 58 54 1
0 6 54 51 6 54 51 1
0 6 51 44 6 51 44 1
0 6 44 42 6 44 42 1
0 6 42 39 6 42 39 1
0 6 39 35 6 39 35 1
0 6 35 30 6 35 30 1
0 6 30 26 6 30 26 1
0 6 26 23 6 26 23 1
0 6 23 19 6 23 19 1
0 6 19 14 6 19 14 1
0 6 14 10 6 14 10 1
0 6 10 7 6 10 7 1
0 73 72 77 73 72 77 1
0 73 77 79 73 77 79 1
0 75 74 78 75 74 78 1
0 75 78 76 75 78 76 1
0 77 76 1 77 76 1 1
0 77 1 0 77 1 0 1
0 79 77 0 79 77 0 1
0 79 0 4 79 0 4 1
0 76 78 6 76 78 6 1
0 76 6 1 76 6 1 1
"chrome" 0 1
11
0 -0.000002 30.426180 -0.000001 0.000000 -0.000000 -1
0 2.339331 17.426178 -3.219816 0.900000 -0.875000 -1
0 3.785118 17.426178 -1.229860 0.800000 -0.875000 -1
0 -0.000002 17.426178 -3.979911 0.000000 -0.000000 -1
0 3.785116 17.426178 1.229859 0.700000 -0.875000 -1
0 -2.339334 17.426176 -3.219815 0.100000 -0.875000 -1
0 -3.785121 17.426178 -1.229860 0.200000 -0.875000 -1
0 -3.785122 17.426178 1.229859 0.300000 -0.875000 -1
0 -2.339335 17.426178 3.219814 0.400000 -0.875000 -1
0 -0.000003 17.426178 3.979909 0.500000 -0.875000 -1
0 2.339329 17.426178 3.219814 0.600000 -0.875000 -1
11
0.000000 -1.000000 0.000000
-0.562029 -0.292734 0.773553
-0.909391 -0.292734 0.295450
0.000000 -0.292734 0.956175
-0.909391 -0.292734 -0.295480
0.562029 -0.292734 0.773553
0.909391 -0.292734 0.295480
0.909391 -0.292734 -0.295450
0.562029 -0.292734 -0.773553
0.000000 -0.292734 -0.956175
-0.562029 -0.292734 -0.773553
10
0 0 1 2 0 1 2 1
0 3 1 0 3 1 0 2
0 0 2 4 0 2 4 3
0 0 5 3 0 5 3 4
0 5 0 6 5 0 6 5
0 0 7 6 0 7 6 6
0 0 8 7 0 8 7 7
0 0 9 8 0 9 8 8
0 9 0 10 9 0 10 9
0 4 10 0 4 10 0 10

Materials: 2
"black01"
0.200000 0.200000 0.200000 0.800000
1.000000 1.000000 1.000000 1.000000
0.000000 0.000000 0.000000 1.000000
0.000000 0.000000 0.000000 0.800000
0.000000
1.000000
"materials/dark_spheremap.png"
""
"chrome01"
0.200000 0.200000 0.200000 0.800000
1.000000 1.000000 1.000000 1.000000
0.000000 0.000000 0.000000 1.000000
0.000000 0.000000 0.000000 0.800000
0.000000
1.000000
"materials/B.png"
"materials/chrome_spheremap.png"

Bones: 0
GroupComments: 0
MaterialComments: 0
BoneComments: 0
ModelComment: 0
