// MilkShape 3D ASCII

Frames: 1
Frame: 1

Meshes: 2
"chrome1" 0 1
120
0 0.000000 0.000000 -26.000000 1.000000 0.500000 -1
0 0.000000 3.640000 -26.000000 1.000000 0.000000 -1
0 8.034442 3.640000 -24.727470 0.950000 0.000000 -1
0 8.034442 0.000000 -24.727470 0.950000 0.500000 -1
0 15.282416 3.640000 -21.034443 0.900000 0.000000 -1
0 15.282416 0.000000 -21.034443 0.900000 0.500000 -1
0 21.034443 3.640000 -15.282416 0.850000 0.000000 -1
0 21.034443 0.000000 -15.282416 0.850000 0.500000 -1
0 24.727470 3.640000 -8.034441 0.800000 0.000000 -1
0 24.727470 0.000000 -8.034441 0.800000 0.500000 -1
0 26.000000 3.640000 0.000001 0.750000 0.000000 -1
0 26.000000 0.000000 0.000001 0.750000 0.500000 -1
0 24.727468 3.640000 8.034443 0.700000 0.000000 -1
0 24.727468 0.000000 8.034443 0.700000 0.500000 -1
0 21.034443 3.640000 15.282414 0.650000 0.000000 -1
0 21.034443 0.000000 15.282414 0.650000 0.500000 -1
0 15.282414 3.640000 21.034443 0.600000 0.000000 -1
0 15.282414 0.000000 21.034443 0.600000 0.500000 -1
0 8.034443 3.640000 24.727468 0.550000 0.000000 -1
0 8.034443 0.000000 24.727468 0.550000 0.500000 -1
0 -0.000002 3.640000 26.000000 0.500000 0.000000 -1
0 -0.000002 0.000000 26.000000 0.500000 0.500000 -1
0 -8.034441 3.640000 24.727470 0.450000 0.000000 -1
0 -8.034441 0.000000 24.727470 0.450000 0.500000 -1
0 -15.282419 3.640000 21.034441 0.400000 0.000000 -1
0 -15.282419 0.000000 21.034441 0.400000 0.500000 -1
0 -21.034445 3.640000 15.282412 0.350000 0.000000 -1
0 -21.034445 0.000000 15.282412 0.350000 0.500000 -1
0 -24.727468 3.640000 8.034445 0.300000 0.000000 -1
0 -24.727468 0.000000 8.034445 0.300000 0.500000 -1
0 -26.000000 3.640000 -0.000000 0.250000 0.000000 -1
0 -26.000000 0.000000 -0.000000 0.250000 0.500000 -1
0 -24.727468 3.640000 -8.034445 0.200000 0.000000 -1
0 -24.727468 0.000000 -8.034445 0.200000 0.500000 -1
0 -21.034445 3.640000 -15.282412 0.150000 0.000000 -1
0 -21.034445 0.000000 -15.282412 0.150000 0.500000 -1
0 -15.282418 3.640000 -21.034441 0.100000 0.000000 -1
0 -15.282418 0.000000 -21.034441 0.100000 0.500000 -1
0 -8.034441 3.640000 -24.727470 0.050000 0.000000 -1
0 -8.034441 0.000000 -24.727470 0.050000 0.500000 -1
0 0.000000 0.000000 -26.000000 0.750000 0.510000 -1
0 8.034442 0.000000 -24.727470 0.824164 0.521746 -1
0 15.282416 0.000000 -21.034443 0.891068 0.555836 -1
0 21.034443 0.000000 -15.282416 0.944164 0.608932 -1
0 24.727470 0.000000 -8.034441 0.978254 0.675836 -1
0 26.000000 0.000000 0.000001 0.990000 0.750000 -1
0 24.727468 0.000000 8.034443 0.978254 0.824164 -1
0 21.034443 0.000000 15.282414 0.944164 0.891068 -1
0 15.282414 0.000000 21.034443 0.891068 0.944164 -1
0 8.034443 0.000000 24.727468 0.824164 0.978254 -1
0 -0.000002 0.000000 26.000000 0.750000 0.990000 -1
0 -8.034441 0.000000 24.727470 0.675836 0.978254 -1
0 -15.282419 0.000000 21.034441 0.608932 0.944164 -1
0 -21.034445 0.000000 15.282412 0.555836 0.891068 -1
0 -24.727468 0.000000 8.034445 0.521746 0.824164 -1
0 -26.000000 0.000000 -0.000000 0.510000 0.750000 -1
0 -24.727468 0.000000 -8.034445 0.521746 0.675836 -1
0 -21.034445 0.000000 -15.282412 0.555836 0.608932 -1
0 -15.282418 0.000000 -21.034441 0.608932 0.555836 -1
0 -8.034441 0.000000 -24.727470 0.675836 0.521746 -1
0 0.000000 12.739999 -10.400001 1.000000 0.000000 -1
0 3.213777 12.739999 -9.890988 0.950000 0.000000 -1
0 3.213777 9.619999 -9.890988 0.950000 0.500000 -1
0 6.112967 12.739999 -8.413777 0.900000 0.000000 -1
0 6.112967 9.619999 -8.413777 0.900000 0.500000 -1
0 8.413777 12.739999 -6.112967 0.850000 0.000000 -1
0 8.413777 9.619999 -6.112967 0.850000 0.500000 -1
0 9.890988 12.739999 -3.213777 0.800000 0.000000 -1
0 9.890988 9.619999 -3.213777 0.800000 0.500000 -1
0 10.400001 12.739999 0.000000 0.750000 0.000000 -1
0 10.400001 9.619999 0.000000 0.750000 0.500000 -1
0 9.890987 12.739999 3.213777 0.700000 0.000000 -1
0 9.890987 9.619999 3.213777 0.700000 0.500000 -1
0 8.413777 12.739999 6.112966 0.650000 0.000000 -1
0 8.413777 9.619999 6.112966 0.650000 0.500000 -1
0 6.112966 12.739999 8.413777 0.600000 0.000000 -1
0 6.112966 9.619999 8.413777 0.600000 0.500000 -1
0 3.213777 12.739999 9.890987 0.550000 0.000000 -1
0 3.213777 9.619999 9.890987 0.550000 0.500000 -1
0 -0.000001 12.739999 10.400001 0.500000 0.000000 -1
0 -0.000001 9.619999 10.400001 0.500000 0.500000 -1
0 -3.213777 12.739999 9.890988 0.450000 0.000000 -1
0 -3.213777 9.619999 9.890988 0.450000 0.500000 -1
0 -6.112967 12.739999 8.413776 0.400000 0.000000 -1
0 -6.112967 9.619999 8.413776 0.400000 0.500000 -1
0 -8.413778 12.739999 6.112965 0.350000 0.000000 -1
0 -8.413778 9.619999 6.112965 0.350000 0.500000 -1
0 -9.890987 12.739999 3.213778 0.300000 0.000000 -1
0 -9.890987 9.619999 3.213778 0.300000 0.500000 -1
0 -10.400001 12.739999 -0.000000 0.250000 0.000000 -1
0 -10.400001 9.619999 -0.000000 0.250000 0.500000 -1
0 -9.890987 12.739999 -3.213778 0.200000 0.000000 -1
0 -9.890987 9.619999 -3.213778 0.200000 0.500000 -1
0 -8.413778 12.739999 -6.112965 0.150000 0.000000 -1
0 -8.413778 9.619999 -6.112965 0.150000 0.500000 -1
0 -6.112967 12.739999 -8.413776 0.100000 0.000000 -1
0 -6.112967 9.619999 -8.413776 0.100000 0.500000 -1
0 3.213777 12.739999 -9.890988 0.324164 0.521746 -1
0 0.000000 12.739999 -10.400001 0.250000 0.510000 -1
0 -3.213776 12.739999 -9.890988 0.175836 0.521746 -1
0 -6.112967 12.739999 -8.413776 0.108932 0.555836 -1
0 -8.413778 12.739999 -6.112965 0.055836 0.608932 -1
0 -9.890987 12.739999 -3.213778 0.021746 0.675836 -1
0 -10.400001 12.739999 -0.000000 0.010000 0.750000 -1
0 -9.890987 12.739999 3.213778 0.021746 0.824164 -1
0 -8.413778 12.739999 6.112965 0.055836 0.891068 -1
0 -6.112967 12.739999 8.413776 0.108932 0.944164 -1
0 -3.213777 12.739999 9.890988 0.175836 0.978254 -1
0 -0.000001 12.739999 10.400001 0.250000 0.990000 -1
0 3.213777 12.739999 9.890987 0.324164 0.978254 -1
0 6.112966 12.739999 8.413777 0.391068 0.944164 -1
0 8.413777 12.739999 6.112966 0.444164 0.891068 -1
0 9.890987 12.739999 3.213777 0.478254 0.824164 -1
0 10.400001 12.739999 0.000000 0.490000 0.750000 -1
0 9.890988 12.739999 -3.213777 0.478254 0.675836 -1
0 8.413777 12.739999 -6.112967 0.444164 0.608932 -1
0 6.112967 12.739999 -8.413777 0.391068 0.555836 -1
0 -3.213776 12.739999 -9.890988 0.050000 0.000000 -1
0 -3.213776 9.619999 -9.890988 0.050000 0.500000 -1
0 0.000000 9.619999 -10.400001 -0.000000 0.500000 -1
44
0.000000 -1.000000 0.000000
0.000000 1.000000 0.000000
0.000000 0.000000 -1.000000
0.309017 0.000000 -0.951056
0.587786 0.000000 -0.809017
0.809017 0.000000 -0.587785
0.951057 0.000000 -0.309017
1.000000 0.000000 0.000000
0.951056 0.000000 0.309018
0.809017 0.000000 0.587786
0.587785 0.000000 0.809017
0.309017 0.000000 0.951057
0.000001 0.000000 1.000000
-0.309017 0.000000 0.951056
-0.587786 0.000000 0.809017
-0.809017 0.000000 0.587785
-0.951057 0.000000 0.309017
-1.000000 0.000000 0.000000
-0.951057 0.000000 -0.309017
-0.809017 0.000000 -0.587785
-0.587786 0.000000 -0.809017
-0.309017 0.000000 -0.951056
0.309017 0.000000 -0.951057
0.587785 0.000000 -0.809017
0.809017 0.000000 -0.587785
0.951057 0.000000 -0.309017
1.000000 0.000000 0.000001
0.951057 0.000000 0.309017
0.809017 0.000000 0.587785
0.587785 0.000000 0.809017
0.309017 0.000000 0.951057
0.000001 0.000000 1.000000
-0.309017 0.000000 0.951056
-0.587786 0.000000 0.809017
-0.809017 0.000000 0.587785
-0.951057 0.000000 0.309017
-1.000000 0.000000 0.000000
-0.951057 0.000000 -0.309017
-0.809017 0.000000 -0.587785
-0.587786 0.000000 -0.809017
-0.110616 0.707107 -0.698401
-0.309017 0.000000 -0.951056
0.000000 0.000000 -1.000000
0.025052 0.386623 -0.921898
116
0 0 1 2 2 2 3 1
0 0 2 3 2 3 3 1
0 3 2 4 3 3 4 1
0 3 4 5 3 4 4 1
0 5 4 6 4 4 5 1
0 5 6 7 4 5 5 1
0 7 6 8 5 5 6 1
0 7 8 9 5 6 6 1
0 9 8 10 6 6 7 1
0 9 10 11 6 7 7 1
0 11 10 12 7 7 8 1
0 11 12 13 7 8 8 1
0 13 12 14 8 8 9 1
0 13 14 15 8 9 9 1
0 15 14 16 9 9 10 1
0 15 16 17 9 10 10 1
0 17 16 18 10 10 11 1
0 17 18 19 10 11 11 1
0 19 18 20 11 11 12 1
0 19 20 21 11 12 12 1
0 21 20 22 12 12 13 1
0 21 22 23 12 13 13 1
0 23 22 24 13 13 14 1
0 23 24 25 13 14 14 1
0 25 24 26 14 14 15 1
0 25 26 27 14 15 15 1
0 27 26 28 15 15 16 1
0 27 28 29 15 16 16 1
0 29 28 30 16 16 17 1
0 29 30 31 16 17 17 1
0 31 30 32 17 17 18 1
0 31 32 33 17 18 18 1
0 33 32 34 18 18 19 1
0 33 34 35 18 19 19 1
0 35 34 36 19 19 20 1
0 35 36 37 19 20 20 1
0 37 36 38 20 20 21 1
0 37 38 39 20 21 21 1
0 39 38 1 21 21 2 1
0 39 1 0 21 2 2 1
0 40 41 42 0 0 0 1
0 40 42 43 0 0 0 1
0 40 43 44 0 0 0 1
0 40 44 45 0 0 0 1
0 40 45 46 0 0 0 1
0 40 46 47 0 0 0 1
0 40 47 48 0 0 0 1
0 40 48 49 0 0 0 1
0 40 49 50 0 0 0 1
0 40 50 51 0 0 0 1
0 40 51 52 0 0 0 1
0 40 52 53 0 0 0 1
0 40 53 54 0 0 0 1
0 40 54 55 0 0 0 1
0 40 55 56 0 0 0 1
0 40 56 57 0 0 0 1
0 40 57 58 0 0 0 1
0 40 58 59 0 0 0 1
0 119 60 61 42 43 22 1
0 119 61 62 42 22 22 1
0 62 61 63 22 22 23 1
0 62 63 64 22 23 23 1
0 64 63 65 23 23 24 1
0 64 65 66 23 24 24 1
0 66 65 67 24 24 25 1
0 66 67 68 24 25 25 1
0 68 67 69 25 25 26 1
0 68 69 70 25 26 26 1
0 70 69 71 26 26 27 1
0 70 71 72 26 27 27 1
0 72 71 73 27 27 28 1
0 72 73 74 27 28 28 1
0 74 73 75 28 28 29 1
0 74 75 76 28 29 29 1
0 76 75 77 29 29 30 1
0 76 77 78 29 30 30 1
0 78 77 79 30 30 31 1
0 78 79 80 30 31 31 1
0 80 79 81 31 31 32 1
0 80 81 82 31 32 32 1
0 82 81 83 32 32 33 1
0 82 83 84 32 33 33 1
0 84 83 85 33 33 34 1
0 84 85 86 33 34 34 1
0 86 85 87 34 34 35 1
0 86 87 88 34 35 35 1
0 88 87 89 35 35 36 1
0 88 89 90 35 36 36 1
0 90 89 91 36 36 37 1
0 90 91 92 36 37 37 1
0 92 91 93 37 37 38 1
0 92 93 94 37 38 38 1
0 94 93 95 38 38 39 1
0 94 95 96 38 39 39 1
0 97 98 99 1 40 1 1
0 97 99 100 1 1 1 1
0 97 100 101 1 1 1 1
0 97 101 102 1 1 1 1
0 97 102 103 1 1 1 1
0 97 103 104 1 1 1 1
0 97 104 105 1 1 1 1
0 97 105 106 1 1 1 1
0 97 106 107 1 1 1 1
0 97 107 108 1 1 1 1
0 97 108 109 1 1 1 1
0 97 109 110 1 1 1 1
0 97 110 111 1 1 1 1
0 97 111 112 1 1 1 1
0 97 112 113 1 1 1 1
0 97 113 114 1 1 1 1
0 97 114 115 1 1 1 1
0 97 115 116 1 1 1 1
0 96 95 117 39 39 41 1
0 96 117 118 39 41 41 1
0 118 117 60 41 41 43 1
0 118 60 119 41 43 42 1
"black" 0 2
103
0 0.000000 4.287400 -24.967798 1.000000 0.250000 -1
0 -0.000000 9.079201 -14.980679 1.000000 0.000000 -1
0 4.629285 9.079201 -14.247473 0.950000 0.000000 -1
0 7.715475 4.287400 -23.745788 0.950000 0.250000 -1
0 8.805422 9.079201 -12.119624 0.900000 0.000000 -1
0 14.675704 4.287400 -20.199374 0.900000 0.250000 -1
0 12.119624 9.079201 -8.805423 0.850000 0.000000 -1
0 20.199374 4.287400 -14.675704 0.850000 0.250000 -1
0 14.247473 9.079201 -4.629285 0.800000 0.000000 -1
0 23.745788 4.287400 -7.715474 0.800000 0.250000 -1
0 14.980679 9.079201 0.000001 0.750000 0.000000 -1
0 24.967798 4.287400 0.000001 0.750000 0.250000 -1
0 14.247472 9.079201 4.629285 0.700000 0.000000 -1
0 23.745786 4.287400 7.715475 0.700000 0.250000 -1
0 12.119624 9.079201 8.805421 0.650000 0.000000 -1
0 20.199374 4.287400 14.675703 0.650000 0.250000 -1
0 8.805421 9.079201 12.119625 0.600000 0.000000 -1
0 14.675703 4.287400 20.199376 0.600000 0.250000 -1
0 4.629285 9.079201 14.247472 0.550000 0.000000 -1
0 7.715475 4.287400 23.745786 0.550000 0.250000 -1
0 -0.000002 9.079201 14.980679 0.500000 0.000000 -1
0 -0.000002 4.287400 24.967798 0.500000 0.250000 -1
0 -4.629284 9.079201 14.247473 0.450000 0.000000 -1
0 -7.715474 4.287400 23.745788 0.450000 0.250000 -1
0 -8.805425 9.079201 12.119624 0.400000 0.000000 -1
0 -14.675706 4.287400 20.199372 0.400000 0.250000 -1
0 -12.119627 9.079201 8.805420 0.350000 0.000000 -1
0 -20.199377 4.287400 14.675699 0.350000 0.250000 -1
0 -14.247472 9.079201 4.629286 0.300000 0.000000 -1
0 -23.745786 4.287400 7.715477 0.300000 0.250000 -1
0 -14.980679 9.079201 -0.000000 0.250000 0.000000 -1
0 -24.967798 4.287400 -0.000000 0.250000 0.250000 -1
0 -14.247472 9.079201 -4.629287 0.200000 0.000000 -1
0 -23.745786 4.287400 -7.715478 0.200000 0.250000 -1
0 -12.119627 9.079201 -8.805420 0.150000 0.000000 -1
0 -20.199377 4.287400 -14.675699 0.150000 0.250000 -1
0 -8.805424 9.079201 -12.119624 0.100000 0.000000 -1
0 -14.675704 4.287400 -20.199372 0.100000 0.250000 -1
0 4.629285 9.079201 -14.247473 0.324164 0.521746 -1
0 -0.000000 9.079201 -14.980679 0.250000 0.510000 -1
0 -4.629284 9.079201 -14.247473 0.175836 0.521746 -1
0 -8.805424 9.079201 -12.119624 0.108932 0.555836 -1
0 -12.119627 9.079201 -8.805420 0.055836 0.608932 -1
0 -14.247472 9.079201 -4.629287 0.021746 0.675836 -1
0 -14.980679 9.079201 -0.000000 0.010000 0.750000 -1
0 -14.247472 9.079201 4.629286 0.021746 0.824164 -1
0 -12.119627 9.079201 8.805420 0.055836 0.891068 -1
0 -8.805425 9.079201 12.119624 0.108932 0.944164 -1
0 -4.629284 9.079201 14.247473 0.175836 0.978254 -1
0 -0.000002 9.079201 14.980679 0.250000 0.990000 -1
0 4.629285 9.079201 14.247472 0.324164 0.978254 -1
0 8.805421 9.079201 12.119625 0.391068 0.944164 -1
0 12.119624 9.079201 8.805421 0.444164 0.891068 -1
0 14.247472 9.079201 4.629285 0.478254 0.824164 -1
0 14.980679 9.079201 0.000001 0.490000 0.750000 -1
0 14.247473 9.079201 -4.629285 0.478254 0.675836 -1
0 12.119624 9.079201 -8.805423 0.444164 0.608932 -1
0 8.805422 9.079201 -12.119624 0.391068 0.555836 -1
0 -4.629284 9.079201 -14.247473 0.050000 0.000000 -1
0 -7.715473 4.287400 -23.745788 0.050000 0.250000 -1
0 -0.000000 9.079201 -14.980679 -0.000000 0.000000 -1
0 0.000000 4.287400 -24.967798 -0.000000 0.250000 -1
0 0.000000 1.513200 -24.967798 0.750000 0.510000 -1
0 7.715475 1.513200 -23.745788 0.824164 0.521746 -1
0 14.675704 1.513200 -20.199374 0.891068 0.555836 -1
0 20.199374 1.513200 -14.675704 0.944164 0.608932 -1
0 23.745788 1.513200 -7.715474 0.978254 0.675836 -1
0 24.967798 1.513200 0.000001 0.990000 0.750000 -1
0 23.745786 1.513200 7.715475 0.978254 0.824164 -1
0 20.199374 1.513200 14.675703 0.944164 0.891068 -1
0 14.675703 1.513200 20.199376 0.891068 0.944164 -1
0 7.715475 1.513200 23.745786 0.824164 0.978254 -1
0 -0.000002 1.513200 24.967798 0.750000 0.990000 -1
0 -7.715474 1.513200 23.745788 0.675836 0.978254 -1
0 -14.675706 1.513200 20.199372 0.608932 0.944164 -1
0 -20.199377 1.513200 14.675699 0.555836 0.891068 -1
0 -23.745786 1.513200 7.715477 0.521746 0.824164 -1
0 -24.967798 1.513200 -0.000000 0.510000 0.750000 -1
0 -23.745786 1.513200 -7.715478 0.521746 0.675836 -1
0 -20.199377 1.513200 -14.675699 0.555836 0.608932 -1
0 -14.675704 1.513200 -20.199372 0.608932 0.555836 -1
0 -7.715473 1.513200 -23.745788 0.675836 0.521746 -1
0 -7.715473 1.513200 -23.745788 0.050000 0.500000 -1
0 0.000000 1.513200 -24.967798 -0.000000 0.500000 -1
0 -14.675704 1.513200 -20.199372 0.100000 0.500000 -1
0 -20.199377 1.513200 -14.675699 0.150000 0.500000 -1
0 -23.745786 1.513200 -7.715478 0.200000 0.500000 -1
0 -24.967798 1.513200 -0.000000 0.250000 0.500000 -1
0 -23.745786 1.513200 7.715477 0.300000 0.500000 -1
0 -20.199377 1.513200 14.675699 0.350000 0.500000 -1
0 -14.675706 1.513200 20.199372 0.400000 0.500000 -1
0 -7.715474 1.513200 23.745788 0.450000 0.500000 -1
0 -0.000002 1.513200 24.967798 0.500000 0.500000 -1
0 7.715475 1.513200 23.745786 0.550000 0.500000 -1
0 14.675703 1.513200 20.199376 0.600000 0.500000 -1
0 20.199374 1.513200 14.675703 0.650000 0.500000 -1
0 23.745786 1.513200 7.715475 0.700000 0.500000 -1
0 24.967798 1.513200 0.000001 0.750000 0.500000 -1
0 23.745788 1.513200 -7.715474 0.800000 0.500000 -1
0 20.199374 1.513200 -14.675704 0.850000 0.500000 -1
0 14.675704 1.513200 -20.199374 0.900000 0.500000 -1
0 7.715475 1.513200 -23.745788 0.950000 0.500000 -1
0 0.000000 1.513200 -24.967798 1.000000 0.500000 -1
42
0.068354 0.899485 -0.431571
0.198372 0.899485 -0.389326
0.308971 0.899485 -0.308971
0.389326 0.899485 -0.198372
0.431571 0.899485 -0.068354
0.431571 0.899485 0.068354
0.389326 0.899485 0.198371
0.308971 0.899485 0.308971
0.198371 0.899485 0.389326
0.068354 0.899485 0.431571
-0.068354 0.899485 0.431571
-0.198372 0.899485 0.389326
-0.308971 0.899485 0.308971
-0.389326 0.899485 0.198371
-0.431571 0.899485 0.068354
-0.431571 0.899485 -0.068354
-0.389326 0.899485 -0.198371
-0.308971 0.899485 -0.308971
0.000000 1.000000 0.000000
-0.198372 0.899485 -0.389326
-0.068354 0.899485 -0.431571
0.000000 -1.000000 0.000000
-0.156434 0.000000 -0.987688
-0.453990 0.000000 -0.891007
-0.707107 0.000000 -0.707107
-0.891007 0.000000 -0.453990
-0.987688 0.000000 -0.156435
-0.987688 0.000000 0.156435
-0.891007 0.000000 0.453990
-0.707107 0.000000 0.707107
-0.453990 0.000000 0.891007
-0.156434 0.000000 0.987688
0.156435 0.000000 0.987688
0.453990 0.000000 0.891007
0.707107 0.000000 0.707107
0.891007 0.000000 0.453990
0.987688 0.000000 0.156435
0.987688 0.000000 -0.156434
0.891007 0.000000 -0.453991
0.707107 0.000000 -0.707107
0.453990 0.000000 -0.891007
0.156434 0.000000 -0.987688
116
0 0 1 2 0 0 0 1
0 0 2 3 0 0 0 1
0 3 2 4 1 1 1 1
0 3 4 5 1 1 1 1
0 5 4 6 2 2 2 1
0 5 6 7 2 2 2 1
0 7 6 8 3 3 3 1
0 7 8 9 3 3 3 1
0 9 8 10 4 4 4 1
0 9 10 11 4 4 4 1
0 11 10 12 5 5 5 1
0 11 12 13 5 5 5 1
0 13 12 14 6 6 6 1
0 13 14 15 6 6 6 1
0 15 14 16 7 7 7 1
0 15 16 17 7 7 7 1
0 17 16 18 8 8 8 1
0 17 18 19 8 8 8 1
0 19 18 20 9 9 9 1
0 19 20 21 9 9 9 1
0 21 20 22 10 10 10 1
0 21 22 23 10 10 10 1
0 23 22 24 11 11 11 1
0 23 24 25 11 11 11 1
0 25 24 26 12 12 12 1
0 25 26 27 12 12 12 1
0 27 26 28 13 13 13 1
0 27 28 29 13 13 13 1
0 29 28 30 14 14 14 1
0 29 30 31 14 14 14 1
0 31 30 32 15 15 15 1
0 31 32 33 15 15 15 1
0 33 32 34 16 16 16 1
0 33 34 35 16 16 16 1
0 35 34 36 17 17 17 1
0 35 36 37 17 17 17 1
0 38 39 40 18 18 18 1
0 38 40 41 18 18 18 1
0 38 41 42 18 18 18 1
0 38 42 43 18 18 18 1
0 38 43 44 18 18 18 1
0 38 44 45 18 18 18 1
0 38 45 46 18 18 18 1
0 38 46 47 18 18 18 1
0 38 47 48 18 18 18 1
0 38 48 49 18 18 18 1
0 38 49 50 18 18 18 1
0 38 50 51 18 18 18 1
0 38 51 52 18 18 18 1
0 38 52 53 18 18 18 1
0 38 53 54 18 18 18 1
0 38 54 55 18 18 18 1
0 38 55 56 18 18 18 1
0 38 56 57 18 18 18 1
0 37 36 58 19 19 19 1
0 37 58 59 19 19 19 1
0 59 58 60 20 20 20 1
0 59 60 61 20 20 20 1
0 62 63 64 21 21 21 1
0 62 64 65 21 21 21 1
0 62 65 66 21 21 21 1
0 62 66 67 21 21 21 1
0 62 67 68 21 21 21 1
0 62 68 69 21 21 21 1
0 62 69 70 21 21 21 1
0 62 70 71 21 21 21 1
0 62 71 72 21 21 21 1
0 62 72 73 21 21 21 1
0 62 73 74 21 21 21 1
0 62 74 75 21 21 21 1
0 62 75 76 21 21 21 1
0 62 76 77 21 21 21 1
0 62 77 78 21 21 21 1
0 62 78 79 21 21 21 1
0 62 79 80 21 21 21 1
0 62 80 81 21 21 21 1
0 82 59 61 22 22 22 1
0 82 61 83 22 22 22 1
0 84 37 59 23 23 23 1
0 84 59 82 23 23 23 1
0 85 35 37 24 24 24 1
0 85 37 84 24 24 24 1
0 86 33 35 25 25 25 1
0 86 35 85 25 25 25 1
0 87 31 33 26 26 26 1
0 87 33 86 26 26 26 1
0 88 29 31 27 27 27 1
0 88 31 87 27 27 27 1
0 89 27 29 28 28 28 1
0 89 29 88 28 28 28 1
0 90 25 27 29 29 29 1
0 90 27 89 29 29 29 1
0 91 23 25 30 30 30 1
0 91 25 90 30 30 30 1
0 92 21 23 31 31 31 1
0 92 23 91 31 31 31 1
0 93 19 21 32 32 32 1
0 93 21 92 32 32 32 1
0 94 17 19 33 33 33 1
0 94 19 93 33 33 33 1
0 95 15 17 34 34 34 1
0 95 17 94 34 34 34 1
0 96 13 15 35 35 35 1
0 96 15 95 35 35 35 1
0 97 11 13 36 36 36 1
0 97 13 96 36 36 36 1
0 98 9 11 37 37 37 1
0 98 11 97 37 37 37 1
0 99 7 9 38 38 38 1
0 99 9 98 38 38 38 1
0 100 5 7 39 39 39 1
0 100 7 99 39 39 39 1
0 101 3 5 40 40 40 1
0 101 5 100 40 40 40 1
0 102 0 3 41 41 41 1
0 102 3 101 41 41 41 1

Materials: 0

Bones: 0
GroupComments: 0
MaterialComments: 0
BoneComments: 0
ModelComment: 0
