// MilkShape 3D ASCII

Frames: 1
Frame: 1

Meshes: 2
"membrane1" 0 0
40
1 -18.636658 -0.780000 6.055419 0.327511 0.161568 -1
1 -19.595743 -0.780000 0.000001 0.231371 0.231432 -1
1 -25.957100 0.520000 0.000001 0.142111 0.142097 -1
1 -24.686666 0.520000 8.021186 0.270229 0.049025 -1
1 -18.636660 -0.780000 -6.055418 0.161528 0.327587 -1
1 -24.686668 0.520000 -8.021184 0.049032 0.270212 -1
1 -15.853289 -0.780000 -11.518089 0.124818 0.440618 -1
1 -20.999735 0.520000 -15.257199 0.000100 0.420814 -1
1 -11.518089 -0.780000 -15.853289 0.124832 0.559460 -1
1 -15.257199 0.520000 -20.999735 0.000100 0.579165 -1
1 -6.055418 -0.780000 -18.636660 0.161570 0.672482 -1
1 -8.021185 0.520000 -24.686668 0.049032 0.729766 -1
1 0.000000 -0.780000 -19.595743 0.231435 0.768619 -1
1 0.000000 0.520000 -25.957100 0.142105 0.857875 -1
1 6.055417 -0.780000 -18.636660 0.327587 0.838463 -1
1 8.021183 0.520000 -24.686668 0.270210 0.950954 -1
1 11.518090 -0.780000 -15.853289 0.440616 0.875177 -1
1 15.257201 0.520000 -20.999733 0.420808 0.999892 -1
1 15.853292 -0.780000 -11.518085 0.559459 0.875166 -1
1 20.999737 0.520000 -15.257196 0.579159 0.999900 -1
1 18.636658 -0.780000 -6.055421 0.672482 0.838432 -1
1 24.686666 0.520000 -8.021188 0.729764 0.950975 -1
1 19.595743 -0.780000 -0.000000 0.768622 0.768568 -1
1 25.957100 0.520000 -0.000000 0.857882 0.857903 -1
1 18.636658 -0.780000 6.055420 0.838465 0.672413 -1
1 24.686666 0.520000 8.021187 0.950960 0.729789 -1
1 15.853292 -0.780000 11.518085 0.875175 0.559383 -1
1 20.999737 0.520000 15.257196 0.999893 0.579186 -1
1 11.518092 -0.780000 15.853289 0.875161 0.440540 -1
1 15.257204 0.520000 20.999733 0.999893 0.420836 -1
1 6.055418 -0.780000 18.636660 0.838423 0.327519 -1
1 8.021184 0.520000 24.686668 0.950962 0.270235 -1
1 0.000002 -0.780000 19.595743 0.768559 0.231381 -1
1 0.000002 0.520000 25.957100 0.857888 0.142126 -1
1 -6.055419 -0.780000 18.636658 0.672406 0.161537 -1
1 -8.021186 0.520000 24.686666 0.729783 0.049046 -1
1 -11.518088 -0.780000 15.853291 0.559376 0.124824 -1
1 -15.257197 0.520000 20.999737 0.579185 0.000108 -1
1 -15.853289 -0.780000 11.518088 0.440534 0.124834 -1
1 -20.999735 0.520000 15.257197 0.420834 0.000100 -1
40
0.193677 0.979696 -0.051816
0.200210 0.979696 0.010570
0.200210 0.979696 -0.010570
0.187144 0.979696 -0.071921
0.187144 0.979696 0.071921
0.193677 0.979696 0.051815
0.155760 0.979696 0.126232
0.168186 0.979696 0.109129
0.109129 0.979696 0.168186
0.126232 0.979696 0.155760
0.051815 0.979696 0.193677
0.071921 0.979696 0.187144
-0.010570 0.979696 0.200210
0.010570 0.979696 0.200210
-0.071921 0.979696 0.187144
-0.051815 0.979696 0.193677
-0.126232 0.979696 0.155760
-0.109129 0.979696 0.168186
-0.168186 0.979696 0.109129
-0.155760 0.979696 0.126232
-0.193677 0.979696 0.051816
-0.187144 0.979696 0.071921
-0.200210 0.979696 -0.010570
-0.200210 0.979696 0.010570
-0.187144 0.979696 -0.071921
-0.193677 0.979696 -0.051816
-0.155760 0.979696 -0.126232
-0.168186 0.979696 -0.109129
-0.109129 0.979696 -0.168186
-0.126232 0.979696 -0.155760
-0.051815 0.979696 -0.193677
-0.071921 0.979696 -0.187144
0.010570 0.979696 -0.200210
-0.010570 0.979696 -0.200210
0.071921 0.979696 -0.187144
0.051815 0.979696 -0.193677
0.126232 0.979696 -0.155760
0.109129 0.979696 -0.168186
0.168186 0.979696 -0.109129
0.155760 0.979696 -0.126232
40
1 0 1 2 0 1 2 1
1 3 0 2 3 0 2 1
1 1 4 5 1 4 5 1
1 2 1 5 2 1 5 1
1 4 6 7 4 6 7 1
1 5 4 7 5 4 7 1
1 6 8 9 6 8 9 1
1 7 6 9 7 6 9 1
1 8 10 11 8 10 11 1
1 9 8 11 9 8 11 1
1 10 12 13 10 12 13 1
1 11 10 13 11 10 13 1
1 12 14 15 12 14 15 1
1 13 12 15 13 12 15 1
1 14 16 17 14 16 17 1
1 15 14 17 15 14 17 1
1 16 18 19 16 18 19 1
1 17 16 19 17 16 19 1
1 18 20 21 18 20 21 1
1 19 18 21 19 18 21 1
1 20 22 23 20 22 23 1
1 21 20 23 21 20 23 1
1 22 24 25 22 24 25 1
1 23 22 25 23 22 25 1
1 24 26 27 24 26 27 1
1 25 24 27 25 24 27 1
1 26 28 29 26 28 29 1
1 27 26 29 27 26 29 1
1 28 30 31 28 30 31 1
1 29 28 31 29 28 31 1
1 30 32 33 30 32 33 1
1 31 30 33 31 30 33 1
1 32 34 35 32 34 35 1
1 33 32 35 33 32 35 1
1 34 36 37 34 36 37 1
1 35 34 37 35 34 37 1
1 36 38 39 36 38 39 1
1 37 36 39 37 36 39 1
1 38 0 3 38 0 3 1
1 39 38 3 39 38 3 1
"cone1" 0 1
40
0 0.000000 -1.820000 -17.056000 0.856242 0.848869 -1
0 0.000000 1.300000 -17.056000 0.797065 0.791384 -1
0 5.270594 1.300000 -16.221218 0.691899 0.870698 -1
0 5.270594 -1.820000 -16.221218 0.730937 0.943419 -1
0 10.025265 1.300000 -13.798593 0.567878 0.914665 -1
0 10.025265 -1.820000 -13.798593 0.582802 0.995755 -1
0 13.798593 1.300000 -10.025265 0.436034 0.917535 -1
0 13.798593 -1.820000 -10.025265 0.425379 0.999900 -1
0 16.221218 1.300000 -5.270593 0.308900 0.880088 -1
0 16.221218 -1.820000 -5.270593 0.273128 0.956281 -1
0 17.056000 1.300000 0.000001 0.198946 0.805487 -1
0 17.056000 -1.820000 0.000001 0.138265 0.867370 -1
0 16.221218 1.300000 5.270594 0.122262 0.696845 -1
0 16.221218 -1.820000 5.270594 0.046980 0.734279 -1
0 13.798593 1.300000 10.025263 0.081804 0.571288 -1
0 13.798593 -1.820000 10.025263 0.000100 0.583890 -1
0 10.025263 1.300000 13.798594 0.081582 0.439849 -1
0 10.025263 -1.820000 13.798594 0.000244 0.427298 -1
0 5.270594 1.300000 16.221218 0.121097 0.314648 -1
0 5.270594 -1.820000 16.221218 0.047399 0.278172 -1
0 -0.000001 1.300000 17.056000 0.196296 0.207293 -1
0 -0.000001 -1.820000 17.056000 0.137368 0.150165 -1
0 -5.270593 1.300000 16.221218 0.301388 0.128590 -1
0 -5.270593 -1.820000 16.221218 0.262591 0.055986 -1
0 -10.025266 1.300000 13.798593 0.425355 0.085063 -1
0 -10.025266 -1.820000 13.798593 0.410506 0.004188 -1
0 -13.798594 1.300000 10.025261 0.556623 0.082179 -1
0 -13.798594 -1.820000 10.025261 0.567135 0.000100 -1
0 -16.221218 1.300000 5.270595 0.683396 0.119488 -1
0 -16.221218 -1.820000 5.270595 0.718780 0.043058 -1
0 -17.056000 1.300000 -0.000000 0.794449 0.192917 -1
0 -17.056000 -1.820000 -0.000000 0.854545 0.130424 -1
0 -16.221218 1.300000 -5.270596 0.872337 0.300506 -1
0 -16.221218 -1.820000 -5.270596 0.947417 0.262656 -1
0 -13.798594 1.300000 -10.025261 0.912961 0.426533 -1
0 -13.798594 -1.820000 -10.025261 0.995027 0.413716 -1
0 -10.025266 1.300000 -13.798593 0.913421 0.558560 -1
0 -10.025266 -1.820000 -13.798593 0.995027 0.571219 -1
0 -5.270593 1.300000 -16.221218 0.873316 0.683999 -1
0 -5.270593 -1.820000 -16.221218 0.947134 0.720870 -1
21
0.156435 0.000000 -0.987688
0.453991 0.000000 -0.891007
0.707107 0.000000 -0.707107
0.891006 0.000000 -0.453991
0.987688 0.000000 -0.156434
0.987688 0.000000 0.156434
0.891006 0.000000 0.453991
0.707107 0.000000 0.707107
0.453990 0.000000 0.891007
0.156434 0.000000 0.987688
-0.156435 0.000000 0.987688
-0.453990 0.000000 0.891007
-0.707107 0.000000 0.707106
-0.891006 0.000000 0.453991
-0.987688 0.000000 0.156434
-0.987688 0.000000 -0.156434
-0.891006 0.000000 -0.453991
-0.707107 0.000000 -0.707106
0.000000 1.000000 0.000000
-0.453990 0.000000 -0.891007
-0.156435 0.000000 -0.987688
58
0 0 1 2 0 0 0 1
0 0 2 3 0 0 0 1
0 3 2 4 1 1 1 1
0 3 4 5 1 1 1 1
0 5 4 6 2 2 2 1
0 5 6 7 2 2 2 1
0 7 6 8 3 3 3 1
0 7 8 9 3 3 3 1
0 9 8 10 4 4 4 1
0 9 10 11 4 4 4 1
0 11 10 12 5 5 5 1
0 11 12 13 5 5 5 1
0 13 12 14 6 6 6 1
0 13 14 15 6 6 6 1
0 15 14 16 7 7 7 1
0 15 16 17 7 7 7 1
0 17 16 18 8 8 8 1
0 17 18 19 8 8 8 1
0 19 18 20 9 9 9 1
0 19 20 21 9 9 9 1
0 21 20 22 10 10 10 1
0 21 22 23 10 10 10 1
0 23 22 24 11 11 11 1
0 23 24 25 11 11 11 1
0 25 24 26 12 12 12 1
0 25 26 27 12 12 12 1
0 27 26 28 13 13 13 1
0 27 28 29 13 13 13 1
0 29 28 30 14 14 14 1
0 29 30 31 14 14 14 1
0 31 30 32 15 15 15 1
0 31 32 33 15 15 15 1
0 33 32 34 16 16 16 1
0 33 34 35 16 16 16 1
0 35 34 36 17 17 17 1
0 35 36 37 17 17 17 1
0 2 1 38 18 18 18 1
0 2 38 36 18 18 18 1
0 2 36 34 18 18 18 1
0 2 34 32 18 18 18 1
0 2 32 30 18 18 18 1
0 2 30 28 18 18 18 1
0 2 28 26 18 18 18 1
0 2 26 24 18 18 18 1
0 2 24 22 18 18 18 1
0 2 22 20 18 18 18 1
0 2 20 18 18 18 18 1
0 2 18 16 18 18 18 1
0 2 16 14 18 18 18 1
0 2 14 12 18 18 18 1
0 2 12 10 18 18 18 1
0 2 10 8 18 18 18 1
0 2 8 6 18 18 18 1
0 2 6 4 18 18 18 1
0 37 36 38 19 19 19 1
0 37 38 39 19 19 19 1
0 39 38 1 20 20 20 1
0 39 1 0 20 20 20 1

Materials: 2
"speakerpart1"
0.200000 0.200000 0.200000 0.800000
1.000000 1.000000 1.000000 1.000000
0.000000 0.000000 0.000000 1.000000
0.000000 0.000000 0.000000 0.800000
0.000000
1.000000
"materials/B.png"
"materials/membrane.png"
"speakerpart2"
0.200000 0.200000 0.200000 0.800000
1.000000 1.000000 1.000000 1.000000
0.000000 0.000000 0.000000 1.000000
0.000000 0.000000 0.000000 0.800000
0.000000
1.000000
"materials/B.png"
"materials/cone.png"

Bones: 0
GroupComments: 0
MaterialComments: 0
BoneComments: 0
ModelComment: 0
