// MilkShape 3D ASCII

Frames: 1
Frame: 18

Meshes: 1
"Cylinder" 0 0
40
0 -19.614401 -6.240000 0.000001 1.000000 0.500000 -1
0 -19.614401 -1.040000 0.000001 1.000000 0.000000 -1
0 -18.654404 -1.040000 -6.061182 0.950000 0.000000 -1
0 -18.654404 -6.240000 -6.061182 0.950000 0.500000 -1
0 -15.868382 -1.040000 -11.529054 0.900000 0.000000 -1
0 -15.868382 -6.240000 -11.529054 0.900000 0.500000 -1
0 -11.529056 -1.040000 -15.868382 0.850000 0.000000 -1
0 -11.529056 -6.240000 -15.868382 0.850000 0.500000 -1
0 -6.061183 -1.040000 -18.654404 0.800000 0.000000 -1
0 -6.061183 -6.240000 -18.654404 0.800000 0.500000 -1
0 -0.000000 -1.040000 -19.614401 0.750000 0.000000 -1
0 -0.000000 -6.240000 -19.614401 0.750000 0.500000 -1
0 6.061183 -1.040000 -18.654402 0.700000 0.000000 -1
0 6.061183 -6.240000 -18.654402 0.700000 0.500000 -1
0 11.529053 -1.040000 -15.868382 0.650000 0.000000 -1
0 11.529053 -6.240000 -15.868382 0.650000 0.500000 -1
0 15.868384 -1.040000 -11.529055 0.600000 0.000000 -1
0 15.868384 -6.240000 -11.529055 0.600000 0.500000 -1
0 18.654402 -1.040000 -6.061184 0.550000 0.000000 -1
0 18.654402 -6.240000 -6.061184 0.550000 0.500000 -1
0 19.614401 -1.040000 0.000001 0.500000 0.000000 -1
0 19.614401 -6.240000 0.000001 0.500000 0.500000 -1
0 18.654404 -1.040000 6.061182 0.450000 0.000000 -1
0 18.654404 -6.240000 6.061182 0.450000 0.500000 -1
0 15.868382 -1.040000 11.529057 0.400000 0.000000 -1
0 15.868382 -6.240000 11.529057 0.400000 0.500000 -1
0 11.529052 -1.040000 15.868386 0.350000 0.000000 -1
0 11.529052 -6.240000 15.868386 0.350000 0.500000 -1
0 6.061186 -1.040000 18.654402 0.300000 0.000000 -1
0 6.061186 -6.240000 18.654402 0.300000 0.500000 -1
0 0.000001 -1.040000 19.614401 0.250000 0.000000 -1
0 0.000001 -6.240000 19.614401 0.250000 0.500000 -1
0 -6.061185 -1.040000 18.654402 0.200000 0.000000 -1
0 -6.061185 -6.240000 18.654402 0.200000 0.500000 -1
0 -11.529050 -1.040000 15.868386 0.150000 0.000000 -1
0 -11.529050 -6.240000 15.868386 0.150000 0.500000 -1
0 -15.868382 -1.040000 11.529057 0.100000 0.000000 -1
0 -15.868382 -6.240000 11.529057 0.100000 0.500000 -1
0 -18.654404 -1.040000 6.061182 0.050000 0.000000 -1
0 -18.654404 -6.240000 6.061182 0.050000 0.500000 -1
20
-0.987688 0.000000 -0.156435
-0.891006 0.000000 -0.453991
-0.707107 0.000000 -0.707107
-0.453991 0.000000 -0.891006
-0.156434 0.000000 -0.987688
0.156435 0.000000 -0.987688
0.453991 0.000000 -0.891006
0.707106 0.000000 -0.707107
0.891007 0.000000 -0.453990
0.987688 0.000000 -0.156435
0.987688 0.000000 0.156435
0.891006 0.000000 0.453991
0.707107 0.000000 0.707107
0.453990 0.000000 0.891007
0.156435 0.000000 0.987688
-0.156435 0.000000 0.987688
-0.453991 0.000000 0.891007
-0.707107 0.000000 0.707107
-0.891006 0.000000 0.453991
-0.987688 0.000000 0.156435
40
0 0 1 2 0 0 0 1
0 0 2 3 0 0 0 1
0 3 2 4 1 1 1 1
0 3 4 5 1 1 1 1
0 5 4 6 2 2 2 1
0 5 6 7 2 2 2 1
0 7 6 8 3 3 3 1
0 7 8 9 3 3 3 1
0 9 8 10 4 4 4 1
0 9 10 11 4 4 4 1
0 11 10 12 5 5 5 1
0 11 12 13 5 5 5 1
0 13 12 14 6 6 6 1
0 13 14 15 6 6 6 1
0 15 14 16 7 7 7 1
0 15 16 17 7 7 7 1
0 17 16 18 8 8 8 1
0 17 18 19 8 8 8 1
0 19 18 20 9 9 9 1
0 19 20 21 9 9 9 1
0 21 20 22 10 10 10 1
0 21 22 23 10 10 10 1
0 23 22 24 11 11 11 1
0 23 24 25 11 11 11 1
0 25 24 26 12 12 12 1
0 25 26 27 12 12 12 1
0 27 26 28 13 13 13 1
0 27 28 29 13 13 13 1
0 29 28 30 14 14 14 1
0 29 30 31 14 14 14 1
0 31 30 32 15 15 15 1
0 31 32 33 15 15 15 1
0 33 32 34 16 16 16 1
0 33 34 35 16 16 16 1
0 35 34 36 17 17 17 1
0 35 36 37 17 17 17 1
0 37 36 38 18 18 18 1
0 37 38 39 18 18 18 1
0 39 38 1 19 19 19 1
0 39 1 0 19 19 19 1

Materials: 1
"metal01"
0.200000 0.200000 0.200000 0.800000
1.000000 1.000000 1.000000 1.000000
0.000000 0.000000 0.000000 1.000000
0.000000 0.000000 0.000000 0.800000
0.000000
1.000000
"materials/B.png"
"materials/metal.png"

Bones: 0
GroupComments: 0
MaterialComments: 0
BoneComments: 0
ModelComment: 0
