// MilkShape 3D ASCII

Frames: 1
Frame: 1

Meshes: 2
"metal1" 0 0
40
1 -24.686666 0.520000 8.021186 0.200020 0.039208 -1
1 -24.686666 -5.720000 8.021186 0.200020 0.000792 -1
1 -25.957100 -5.720000 0.000001 0.250018 0.000792 -1
1 -25.957100 0.520000 0.000001 0.250018 0.039208 -1
1 -24.686668 -5.720000 -8.021184 0.300016 0.000792 -1
1 -24.686668 0.520000 -8.021184 0.300016 0.039208 -1
1 -20.999735 -5.720000 -15.257199 0.350014 0.000792 -1
1 -20.999735 0.520000 -15.257199 0.350014 0.039208 -1
1 -15.257199 -5.720000 -20.999735 0.400012 0.000792 -1
1 -15.257199 0.520000 -20.999735 0.400012 0.039208 -1
1 -8.021185 -5.720000 -24.686668 0.450010 0.000792 -1
1 -8.021185 0.520000 -24.686668 0.450010 0.039208 -1
1 0.000000 -5.720000 -25.957100 0.500008 0.000792 -1
1 0.000000 0.520000 -25.957100 0.500008 0.039208 -1
1 8.021183 -5.720000 -24.686668 0.550006 0.000792 -1
1 8.021183 0.520000 -24.686668 0.550006 0.039208 -1
1 15.257201 -5.720000 -20.999733 0.600004 0.000792 -1
1 15.257201 0.520000 -20.999733 0.600004 0.039208 -1
1 20.999737 -5.720000 -15.257196 0.650002 0.000792 -1
1 20.999737 0.520000 -15.257196 0.650002 0.039208 -1
1 24.686666 -5.720000 -8.021188 0.700000 0.000792 -1
1 24.686666 0.520000 -8.021188 0.700000 0.039208 -1
1 25.957100 -5.720000 -0.000000 0.749998 0.000792 -1
1 25.957100 0.520000 -0.000000 0.749998 0.039208 -1
1 24.686666 -5.720000 8.021187 0.799996 0.000792 -1
1 24.686666 0.520000 8.021187 0.799996 0.039208 -1
1 20.999737 -5.720000 15.257196 0.849994 0.000792 -1
1 20.999737 0.520000 15.257196 0.849994 0.039208 -1
1 15.257204 -5.720000 20.999733 0.899992 0.000792 -1
1 15.257204 0.520000 20.999733 0.899992 0.039208 -1
1 8.021184 -5.720000 24.686668 0.949990 0.000792 -1
1 8.021184 0.520000 24.686668 0.949990 0.039208 -1
1 0.000002 -5.720000 25.957100 0.999988 0.000792 -1
1 0.000002 0.520000 25.957100 0.999988 0.039208 -1
1 -8.021186 -5.720000 24.686666 0.050026 0.000792 -1
1 -8.021186 0.520000 24.686666 0.050026 0.039208 -1
1 -15.257197 -5.720000 20.999737 0.100024 0.000792 -1
1 -15.257197 0.520000 20.999737 0.100024 0.039208 -1
1 -20.999735 -5.720000 15.257197 0.150022 0.000792 -1
1 -20.999735 0.520000 15.257197 0.150022 0.039208 -1
40
0.966026 0.000000 -0.258446
0.933442 0.000000 -0.358728
0.998609 0.000000 -0.052722
0.998609 0.000000 0.052721
0.966026 0.000000 0.258446
0.933442 0.000000 0.358728
0.838881 0.000000 0.544315
0.776903 0.000000 0.629620
0.629620 0.000000 0.776903
0.544315 0.000000 0.838881
0.358728 0.000000 0.933442
0.258446 0.000000 0.966026
0.052721 0.000000 0.998609
-0.052721 0.000000 0.998609
-0.258446 0.000000 0.966026
-0.358728 0.000000 0.933442
-0.544315 0.000000 0.838881
-0.629620 0.000000 0.776903
-0.776903 0.000000 0.629620
-0.838881 0.000000 0.544315
-0.933442 0.000000 0.358728
-0.966026 0.000000 0.258446
-0.998609 0.000000 0.052721
-0.998609 0.000000 -0.052721
-0.966026 0.000000 -0.258446
-0.933442 0.000000 -0.358728
-0.838881 0.000000 -0.544315
-0.776903 0.000000 -0.629620
-0.629620 0.000000 -0.776903
-0.544315 0.000000 -0.838881
-0.358728 0.000000 -0.933442
-0.258446 0.000000 -0.966026
-0.052721 0.000000 -0.998609
0.052722 0.000000 -0.998609
0.258446 0.000000 -0.966026
0.358728 0.000000 -0.933442
0.544315 0.000000 -0.838881
0.629620 0.000000 -0.776903
0.776903 0.000000 -0.629620
0.838881 0.000000 -0.544315
40
1 0 1 2 0 1 2 1
1 3 0 2 3 0 2 1
1 3 2 4 3 2 4 1
1 5 3 4 5 3 4 1
1 5 4 6 5 4 6 1
1 7 5 6 7 5 6 1
1 7 6 8 7 6 8 1
1 9 7 8 9 7 8 1
1 9 8 10 9 8 10 1
1 11 9 10 11 9 10 1
1 11 10 12 11 10 12 1
1 13 11 12 13 11 12 1
1 13 12 14 13 12 14 1
1 15 13 14 15 13 14 1
1 15 14 16 15 14 16 1
1 17 15 16 17 15 16 1
1 17 16 18 17 16 18 1
1 19 17 18 19 17 18 1
1 19 18 20 19 18 20 1
1 21 19 20 21 19 20 1
1 21 20 22 21 20 22 1
1 23 21 22 23 21 22 1
1 23 22 24 23 22 24 1
1 25 23 24 25 23 24 1
1 25 24 26 25 24 26 1
1 27 25 26 27 25 26 1
1 27 26 28 27 26 28 1
1 29 27 28 29 27 28 1
1 29 28 30 29 28 30 1
1 31 29 30 31 29 30 1
1 31 30 32 31 30 32 1
1 33 31 32 33 31 32 1
1 33 32 34 33 32 34 1
1 35 33 34 35 33 34 1
1 35 34 36 35 34 36 1
1 37 35 36 37 35 36 1
1 37 36 38 37 36 38 1
1 39 37 38 39 37 38 1
1 39 38 1 39 38 1 1
1 0 39 1 0 39 1 1
"arrow" 0 1
6
0 0.000000 0.000000 -43.940517 0.000000 0.000000 -1
0 0.000000 0.000000 -31.148520 0.500000 0.500000 -1
0 9.625421 0.000000 -29.624004 0.750000 0.250000 -1
0 -9.625422 0.000000 -29.624004 0.250000 0.750000 -1
0 18.308643 0.000000 -25.199678 1.000000 0.000000 -1
0 -18.308640 0.000000 -25.199680 0.000000 1.000000 -1
1
0.000000 1.000000 0.000000
4
0 0 1 2 0 0 0 1
0 1 0 3 0 0 0 1
0 2 4 0 0 0 0 1
0 3 0 5 0 0 0 1

Materials: 2
"metal01"
0.200000 0.200000 0.200000 0.800000
1.000000 1.000000 1.000000 1.000000
0.000000 0.000000 0.000000 1.000000
0.000000 0.000000 0.000000 0.800000
0.000000
1.000000
"materials/B.png"
"materials/metal.png"
"arrow"
0.200000 0.200000 0.200000 0.800000
1.000000 1.000000 1.000000 1.000000
0.000000 0.000000 0.000000 1.000000
0.000000 0.000000 0.000000 0.800000
0.000000
1.000000
"materials/B.png"
"materials/arrow.png"

Bones: 0
GroupComments: 0
MaterialComments: 0
BoneComments: 0
ModelComment: 0
