// MilkShape 3D ASCII

Frames: 80
Frame: 1

Meshes: 2
"chrome1" 0 1
70
0 0.000000 -0.000000 -29.900000 0.000000 1.000000 0
0 9.666128 -0.000000 -13.304285 0.000000 1.000000 0
0 -9.666129 -0.000000 -13.304283 0.000000 1.000000 0
0 0.000000 9.619999 -10.400000 1.000000 0.500000 0
0 0.000000 12.740000 -10.400000 1.000000 0.000000 0
0 3.213777 12.740000 -9.890987 0.950000 0.000000 0
0 3.213777 9.619999 -9.890987 0.950000 0.500000 0
0 6.112966 12.740000 -8.413776 0.900000 0.000000 0
0 6.112966 9.619999 -8.413776 0.900000 0.500000 0
0 8.413776 12.740000 -6.112966 0.850000 0.000000 0
0 8.413776 9.619999 -6.112966 0.850000 0.500000 0
0 9.890987 12.740000 -3.213776 0.800000 0.000000 0
0 9.890987 9.619999 -3.213776 0.800000 0.500000 0
0 10.400000 12.740000 0.000000 0.750000 0.000000 0
0 10.400000 9.619999 0.000000 0.750000 0.500000 0
0 9.890986 12.740000 3.213777 0.700000 0.000000 0
0 9.890986 9.619999 3.213777 0.700000 0.500000 0
0 8.413776 12.740000 6.112966 0.650000 0.000000 0
0 8.413776 9.619999 6.112966 0.650000 0.500000 0
0 6.112966 12.740000 8.413777 0.600000 0.000000 0
0 6.112966 9.619999 8.413777 0.600000 0.500000 0
0 3.213777 12.740000 9.890986 0.550000 0.000000 0
0 3.213777 9.619999 9.890986 0.550000 0.500000 0
0 -0.000001 12.740000 10.400000 0.500000 0.000000 0
0 -0.000001 9.619999 10.400000 0.500000 0.500000 0
0 -3.213776 12.740000 9.890987 0.450000 0.000000 0
0 -3.213776 9.619999 9.890987 0.450000 0.500000 0
0 -6.112967 12.740000 8.413775 0.400000 0.000000 0
0 -6.112967 9.619999 8.413775 0.400000 0.500000 0
0 -8.413777 12.740000 6.112964 0.350000 0.000000 0
0 -8.413777 9.619999 6.112964 0.350000 0.500000 0
0 -9.890986 12.740000 3.213778 0.300000 0.000000 0
0 -9.890986 9.619999 3.213778 0.300000 0.500000 0
0 -10.400000 12.740000 -0.000000 0.250000 0.000000 0
0 -10.400000 9.619999 -0.000000 0.250000 0.500000 0
0 -9.890986 12.740000 -3.213778 0.200000 0.000000 0
0 -9.890986 9.619999 -3.213778 0.200000 0.500000 0
0 -8.413777 12.740000 -6.112964 0.150000 0.000000 0
0 -8.413777 9.619999 -6.112964 0.150000 0.500000 0
0 -6.112967 12.740000 -8.413775 0.100000 0.000000 0
0 -6.112967 9.619999 -8.413775 0.100000 0.500000 0
0 3.213777 12.740000 -9.890987 0.324164 0.521746 0
0 0.000000 12.740000 -10.400000 0.250000 0.510000 0
0 -3.213776 12.740000 -9.890987 0.175836 0.521746 0
0 -6.112967 12.740000 -8.413775 0.108932 0.555836 0
0 -8.413777 12.740000 -6.112964 0.055836 0.608932 0
0 -9.890986 12.740000 -3.213778 0.021746 0.675836 0
0 -10.400000 12.740000 -0.000000 0.010000 0.750000 0
0 -9.890986 12.740000 3.213778 0.021746 0.824164 0
0 -8.413777 12.740000 6.112964 0.055836 0.891068 0
0 -6.112967 12.740000 8.413775 0.108932 0.944164 0
0 -3.213776 12.740000 9.890987 0.175836 0.978254 0
0 -0.000001 12.740000 10.400000 0.250000 0.990000 0
0 3.213777 12.740000 9.890986 0.324164 0.978254 0
0 6.112966 12.740000 8.413777 0.391068 0.944164 0
0 8.413776 12.740000 6.112966 0.444164 0.891068 0
0 9.890986 12.740000 3.213777 0.478254 0.824164 0
0 10.400000 12.740000 0.000000 0.490000 0.750000 0
0 9.890987 12.740000 -3.213776 0.478254 0.675836 0
0 8.413776 12.740000 -6.112966 0.444164 0.608932 0
0 6.112966 12.740000 -8.413776 0.391068 0.555836 0
0 -3.213776 12.740000 -9.890987 0.050000 0.000000 0
0 -3.213776 9.619999 -9.890987 0.050000 0.500000 0
0 28.436588 -0.000000 -9.239607 0.000000 1.000000 0
0 15.640124 -0.000000 5.081785 0.000000 1.000000 0
0 17.574778 -0.000000 24.189610 0.000000 1.000000 0
0 -0.000002 -0.000000 16.445002 0.000000 1.000000 0
0 -17.574781 -0.000000 24.189606 0.000000 1.000000 0
0 -15.640124 -0.000000 5.081787 0.000000 1.000000 0
0 -28.436588 -0.000000 -9.239612 0.000000 1.000000 0
22
0.000000 -1.000000 0.000000
0.000000 1.000000 0.000000
0.000000 0.000000 -1.000000
0.309017 0.000000 -0.951056
0.587786 0.000000 -0.809017
0.809017 0.000000 -0.587785
0.951057 0.000000 -0.309017
1.000000 0.000000 0.000001
0.951056 0.000000 0.309017
0.809017 0.000000 0.587785
0.587785 0.000000 0.809017
0.309017 0.000000 0.951057
0.000001 0.000000 1.000000
-0.309017 0.000000 0.951056
-0.587786 0.000000 0.809017
-0.809017 0.000000 0.587785
-0.951057 0.000000 0.309017
-1.000000 0.000000 0.000000
-0.951057 0.000000 -0.309017
-0.809017 0.000000 -0.587785
-0.587786 0.000000 -0.809017
-0.309017 0.000000 -0.951056
66
0 0 1 2 0 0 0 1
0 3 4 5 2 2 3 1
0 3 5 6 2 3 3 1
0 6 5 7 3 3 4 1
0 6 7 8 3 4 4 1
0 8 7 9 4 4 5 1
0 8 9 10 4 5 5 1
0 10 9 11 5 5 6 1
0 10 11 12 5 6 6 1
0 12 11 13 6 6 7 1
0 12 13 14 6 7 7 1
0 14 13 15 7 7 8 1
0 14 15 16 7 8 8 1
0 16 15 17 8 8 9 1
0 16 17 18 8 9 9 1
0 18 17 19 9 9 10 1
0 18 19 20 9 10 10 1
0 20 19 21 10 10 11 1
0 20 21 22 10 11 11 1
0 22 21 23 11 11 12 1
0 22 23 24 11 12 12 1
0 24 23 25 12 12 13 1
0 24 25 26 12 13 13 1
0 26 25 27 13 13 14 1
0 26 27 28 13 14 14 1
0 28 27 29 14 14 15 1
0 28 29 30 14 15 15 1
0 30 29 31 15 15 16 1
0 30 31 32 15 16 16 1
0 32 31 33 16 16 17 1
0 32 33 34 16 17 17 1
0 34 33 35 17 17 18 1
0 34 35 36 17 18 18 1
0 36 35 37 18 18 19 1
0 36 37 38 18 19 19 1
0 38 37 39 19 19 20 1
0 38 39 40 19 20 20 1
0 41 42 43 1 1 1 1
0 41 43 44 1 1 1 1
0 41 44 45 1 1 1 1
0 41 45 46 1 1 1 1
0 41 46 47 1 1 1 1
0 41 47 48 1 1 1 1
0 41 48 49 1 1 1 1
0 41 49 50 1 1 1 1
0 41 50 51 1 1 1 1
0 41 51 52 1 1 1 1
0 41 52 53 1 1 1 1
0 41 53 54 1 1 1 1
0 41 54 55 1 1 1 1
0 41 55 56 1 1 1 1
0 41 56 57 1 1 1 1
0 41 57 58 1 1 1 1
0 41 58 59 1 1 1 1
0 41 59 60 1 1 1 1
0 40 39 61 20 20 21 1
0 40 61 62 20 21 21 1
0 62 61 4 21 21 2 1
0 62 4 3 21 2 2 1
0 63 64 1 0 0 0 1
0 65 66 64 0 0 0 1
0 67 68 66 0 0 0 1
0 69 2 68 0 0 0 1
0 2 1 64 0 0 0 1
0 64 66 2 0 0 0 1
0 68 2 66 0 0 0 1
"black" 0 2
37
0 -0.000000 9.079201 -14.231648 0.250000 0.510000 0
0 7.946893 8.574800 -10.937960 0.900000 0.000000 0
0 9.294612 4.287400 -12.792937 0.900000 0.250000 0
0 -27.343633 4.287400 -8.884489 0.200000 0.250000 0
0 -13.535100 9.079201 -4.397822 0.021746 0.675836 0
0 -9.294615 4.287400 -12.792935 0.100000 0.250000 0
0 -7.946896 8.574800 -10.937960 0.100000 0.000000 0
0 -16.899298 4.287400 23.259883 0.400000 0.250000 0
0 -8.365153 9.079201 11.513644 0.108932 0.944164 0
0 -15.038999 4.287400 4.886470 0.300000 0.250000 0
0 27.343637 4.287400 -8.884485 0.800000 0.250000 0
0 13.535100 9.079201 -4.397820 0.478254 0.675836 0
0 7.946893 8.574800 -10.937960 0.391068 0.555836 0
0 -7.946896 8.574800 -10.937960 0.108932 0.555836 0
0 -12.858343 8.574800 4.177932 0.021746 0.824164 0
0 -0.000002 8.574800 13.520065 0.250000 0.990000 0
0 8.365151 9.079201 11.513644 0.391068 0.944164 0
0 12.858343 8.574800 4.177931 0.478254 0.824164 0
0 -12.858343 8.574800 4.177932 0.300000 0.000000 0
0 -9.294615 0.504400 -12.792935 0.100000 0.500000 0
0 0.000000 4.287400 -28.750799 -0.000000 0.250000 0
0 0.000000 0.504400 -28.750799 -0.000000 0.500000 0
0 -27.343633 0.504400 -8.884489 0.200000 0.500000 0
0 -15.038999 0.504400 4.886470 0.300000 0.500000 0
0 -16.899298 0.504400 23.259883 0.400000 0.500000 0
0 -0.000002 0.504400 15.812942 0.500000 0.500000 0
0 -0.000002 4.287400 15.812942 0.500000 0.250000 0
0 16.899294 0.504400 23.259887 0.600000 0.500000 0
0 16.899294 4.287400 23.259887 0.600000 0.250000 0
0 15.038999 0.504400 4.886469 0.700000 0.500000 0
0 15.038999 4.287400 4.886469 0.700000 0.250000 0
0 27.343637 0.504400 -8.884485 0.800000 0.500000 0
0 9.294612 0.504400 -12.792937 0.900000 0.500000 0
0 0.000000 0.504400 -28.750799 1.000000 0.500000 0
0 0.000000 4.287400 -28.750799 1.000000 0.250000 0
0 12.858343 8.574800 4.177931 0.700000 0.000000 0
0 -0.000002 8.574800 13.520065 0.500000 0.000000 0
31
0.364159 0.463881 -0.807590
-0.116055 0.836244 -0.535936
-0.655533 0.463881 -0.595895
-0.545568 0.836244 -0.055239
0.116055 0.836244 -0.535936
0.000000 1.000000 0.000000
-0.769301 0.463881 0.439307
0.655533 0.463882 -0.595895
-0.864112 0.000000 -0.503300
-0.211641 0.000000 -0.977347
-0.745692 0.000000 0.666291
-0.994913 0.000000 -0.100735
0.403249 0.000000 0.915090
-0.403249 0.000000 0.915090
0.994913 0.000000 -0.100734
0.745692 0.000000 0.666291
0.211641 0.000000 -0.977347
0.864112 0.000000 -0.503300
0.473842 0.836244 -0.275988
0.880596 0.463881 0.096776
0.408906 0.836244 0.365366
0.180079 0.463881 0.867402
-0.221125 0.836244 0.501797
0.769300 0.463881 0.439307
0.545568 0.836244 -0.055238
-0.180079 0.463882 0.867401
0.221125 0.836244 0.501797
-0.880595 0.463881 0.096776
-0.408906 0.836244 0.365366
-0.364159 0.463881 -0.807590
-0.473842 0.836244 -0.275988
48
0 0 1 2 0 0 0 1
0 3 4 5 1 1 1 1
0 4 6 5 2 2 2 1
0 7 8 9 3 3 3 1
0 10 2 11 4 4 4 1
0 12 0 13 5 5 5 1
0 12 13 4 5 5 5 1
0 12 4 14 5 5 5 1
0 12 14 8 5 5 5 1
0 12 8 15 5 5 5 1
0 12 15 16 5 5 5 1
0 12 16 17 5 5 5 1
0 12 17 11 5 5 5 1
0 8 18 9 6 6 6 1
0 1 11 2 7 7 7 1
0 19 5 20 8 8 8 1
0 19 20 21 8 8 8 1
0 22 3 5 9 9 9 1
0 22 5 19 9 9 9 1
0 23 9 3 10 10 10 1
0 23 3 22 10 10 10 1
0 24 7 9 11 11 11 1
0 24 9 23 11 11 11 1
0 25 26 7 12 12 12 1
0 25 7 24 12 12 12 1
0 27 28 26 13 13 13 1
0 27 26 25 13 13 13 1
0 29 30 28 14 14 14 1
0 29 28 27 14 14 14 1
0 31 10 30 15 15 15 1
0 31 30 29 15 15 15 1
0 32 2 10 16 16 16 1
0 32 10 31 16 16 16 1
0 33 34 2 17 17 17 1
0 33 2 32 17 17 17 1
0 0 2 34 18 18 18 1
0 11 35 30 19 19 19 1
0 10 11 30 20 20 20 1
0 16 36 26 21 21 21 1
0 28 16 26 22 22 22 1
0 35 16 30 23 23 23 1
0 28 30 16 24 24 24 1
0 36 8 26 25 25 25 1
0 7 26 8 26 26 26 1
0 18 4 9 27 27 27 1
0 3 9 4 28 28 28 1
0 6 0 5 29 29 29 1
0 20 5 0 30 30 30 1

Materials: 0

Bones: 1
"joint1"
""
0 0.000000 0.000000 0.000000 0.000000 0.000000 0.000000
3
1.000000 0.000000 0.000000 0.000000
40.000000 0.000000 0.000000 0.000000
80.000000 0.000000 0.000000 0.000000
3
1.000000 0.000000 0.000000 0.000000
40.000000 0.000000 -3.102808 0.000000
80.000000 0.000000 -6.205615 0.000000
GroupComments: 0
MaterialComments: 0
BoneComments: 0
ModelComment: 0
