// MilkShape 3D ASCII

Frames: 80
Frame: 1

Meshes: 1
"glow" 0 3
20
0 0.000000 -0.000000 -29.900000 1.000000 0.500000 0
0 0.000000 3.640000 -29.900000 1.000000 0.000000 0
0 9.666128 3.640000 -13.304285 0.900000 0.000000 0
0 9.666128 -0.000000 -13.304285 0.900000 0.500000 0
0 28.436588 3.640000 -9.239607 0.800000 0.000000 0
0 28.436588 -0.000000 -9.239607 0.800000 0.500000 0
0 15.640124 3.640000 5.081785 0.700000 0.000000 0
0 15.640124 -0.000000 5.081785 0.700000 0.500000 0
0 17.574778 3.640000 24.189610 0.600000 0.000000 0
0 17.574778 -0.000000 24.189610 0.600000 0.500000 0
0 -0.000002 3.640000 16.445002 0.500000 0.000000 0
0 -0.000002 -0.000000 16.445002 0.500000 0.500000 0
0 -17.574781 3.640000 24.189606 0.400000 0.000000 0
0 -17.574781 -0.000000 24.189606 0.400000 0.500000 0
0 -15.640124 3.640000 5.081787 0.300000 0.000000 0
0 -15.640124 -0.000000 5.081787 0.300000 0.500000 0
0 -28.436588 3.640000 -9.239612 0.200000 0.000000 0
0 -28.436588 -0.000000 -9.239612 0.200000 0.500000 0
0 -9.666129 3.640000 -13.304283 0.100000 0.000000 0
0 -9.666129 -0.000000 -13.304283 0.100000 0.500000 0
10
0.864112 0.000000 -0.503300
0.211641 0.000000 -0.977347
0.745692 0.000000 0.666291
0.994913 0.000000 -0.100734
-0.403249 0.000000 0.915090
0.403249 0.000000 0.915090
-0.994913 0.000000 -0.100734
-0.745692 0.000000 0.666291
-0.211641 0.000000 -0.977347
-0.864112 0.000000 -0.503300
20
0 0 1 2 0 0 0 1
0 0 2 3 0 0 0 1
0 3 2 4 1 1 1 1
0 3 4 5 1 1 1 1
0 5 4 6 2 2 2 1
0 5 6 7 2 2 2 1
0 7 6 8 3 3 3 1
0 7 8 9 3 3 3 1
0 9 8 10 4 4 4 1
0 9 10 11 4 4 4 1
0 11 10 12 5 5 5 1
0 11 12 13 5 5 5 1
0 13 12 14 6 6 6 1
0 13 14 15 6 6 6 1
0 15 14 16 7 7 7 1
0 15 16 17 7 7 7 1
0 17 16 18 8 8 8 1
0 17 18 19 8 8 8 1
0 19 18 1 9 9 9 1
0 19 1 0 9 9 9 1

Materials: 0

Bones: 1
"joint1"
""
0 0.000000 0.000000 0.000000 0.000000 0.000000 0.000000
3
1.000000 0.000000 0.000000 0.000000
40.000000 0.000000 0.000000 0.000000
80.000000 0.000000 0.000000 0.000000
3
1.000000 0.000000 0.000000 0.000000
40.000000 0.000000 -3.102808 0.000000
80.000000 0.000000 -6.205615 0.000000
GroupComments: 0
MaterialComments: 0
BoneComments: 0
ModelComment: 0