// MilkShape 3D ASCII

Frames: 1
Frame: 1

Meshes: 1
"glass2" 0 0
44
0 -139.548691 4.425503 -3.736012 0.034617 -0.512525 -1
0 -140.140411 4.425503 0.000006 0.032643 -0.499993 -1
0 -139.548691 4.425503 3.736022 0.034613 -0.487461 -1
0 -137.831421 4.425503 7.106328 0.040338 -0.476153 -1
0 -135.156723 4.425503 9.781020 0.049265 -0.467180 -1
0 -131.786438 4.425503 11.498280 0.060512 -0.461413 -1
0 -128.050415 4.425503 12.090006 0.072983 -0.459414 -1
0 128.050003 4.472000 12.089993 0.928498 -0.459417 -1
0 131.786026 4.472000 11.498266 0.940968 -0.461414 -1
0 135.156311 4.472000 9.781010 0.952218 -0.467178 -1
0 137.831024 4.472000 7.106316 0.961148 -0.476153 -1
0 139.548264 4.472000 3.736010 0.966886 -0.487462 -1
0 140.139999 4.472000 -0.000006 0.968862 -0.500000 -1
0 139.548264 4.472000 -3.736022 0.966882 -0.512538 -1
0 137.831024 4.472000 -7.106330 0.961146 -0.523847 -1
0 135.156326 4.472000 -9.781023 0.952218 -0.532823 -1
0 131.786026 4.472000 -11.498281 0.940967 -0.538587 -1
0 128.050003 4.472000 -12.090007 0.928498 -0.540584 -1
0 -128.050415 4.425503 -12.089994 0.072983 -0.540583 -1
0 -131.786438 4.425503 -11.498268 0.060516 -0.538582 -1
0 -135.156723 4.425503 -9.781009 0.049270 -0.532812 -1
0 -137.831421 4.425503 -7.106316 0.040346 -0.523834 -1
0 -144.878967 3.333503 -12.222867 0.016581 -0.541178 -1
0 -147.832642 3.333503 -6.425943 0.006678 -0.521648 -1
0 -128.055618 3.333503 -20.794796 0.072935 -0.570051 -1
0 -134.481567 3.333503 -19.777025 0.051421 -0.566619 -1
0 -140.278488 3.333503 -16.823339 0.032001 -0.556673 -1
0 -148.850403 3.333503 0.000006 0.003267 -0.499995 -1
0 -147.832642 3.333503 6.425955 0.006675 -0.478341 -1
0 -144.878967 3.333503 12.222880 0.016577 -0.458810 -1
0 -140.278488 3.333503 16.823351 0.031998 -0.443317 -1
0 -134.481567 3.333503 19.777037 0.051420 -0.433374 -1
0 -128.055618 3.333503 20.794807 0.072935 -0.429945 -1
0 128.037445 3.380000 -20.794807 0.928488 -0.570055 -1
0 128.037445 3.380000 20.794796 0.928489 -0.429945 -1
0 134.463394 3.380000 19.777023 0.950009 -0.433370 -1
0 140.260300 3.380000 16.823343 0.969438 -0.443314 -1
0 144.860809 3.380000 12.222868 0.984865 -0.458810 -1
0 147.814468 3.380000 6.425941 0.994775 -0.478343 -1
0 148.832245 3.380000 -0.000006 0.998192 -0.500001 -1
0 147.814468 3.380000 -6.425953 0.994773 -0.521658 -1
0 144.860809 3.380000 -12.222884 0.984863 -0.541191 -1
0 140.260330 3.380000 -16.823355 0.969436 -0.556687 -1
0 134.463394 3.380000 -19.777037 0.950008 -0.566630 -1
44
-0.065218 0.997620 -0.021149
-0.068575 0.997620 0.000000
-0.065218 0.997620 0.021149
-0.055513 0.997620 0.040254
-0.040345 0.997620 0.055452
-0.021241 0.997620 0.065188
-0.005524 0.997833 0.065432
0.005280 0.997833 0.065462
0.021119 0.997620 0.065218
0.040254 0.997620 0.055483
0.055452 0.997620 0.040315
0.065218 0.997620 0.021210
0.068575 0.997620 0.000000
0.065218 0.997620 -0.021210
0.055452 0.997620 -0.040315
0.040254 0.997620 -0.055483
0.021119 0.997620 -0.065218
0.005280 0.997833 -0.065462
-0.005524 0.997833 -0.065432
-0.021241 0.997620 -0.065188
-0.040345 0.997620 -0.055452
-0.055513 0.997620 -0.040254
-0.100650 0.992218 -0.073122
-0.118290 0.992218 -0.038423
-0.009430 0.992157 -0.124454
-0.038453 0.992218 -0.118351
-0.073122 0.992218 -0.100650
-0.124393 0.992218 0.000000
-0.118290 0.992218 0.038423
-0.100650 0.992218 0.073122
-0.073122 0.992218 0.100650
-0.038453 0.992218 0.118351
-0.009430 0.992157 0.124454
0.009217 0.992157 -0.124454
0.009217 0.992157 0.124454
0.038453 0.992187 0.118412
0.073214 0.992187 0.100772
0.100803 0.992187 0.073244
0.118534 0.992187 0.038514
0.124638 0.992187 0.000000
0.118534 0.992187 -0.038514
0.100803 0.992187 -0.073244
0.073183 0.992187 -0.100772
0.038453 0.992187 -0.118412
64
0 0 1 2 0 1 2 1
0 0 2 3 0 2 3 1
0 0 3 4 0 3 4 1
0 0 4 5 0 4 5 1
0 0 5 6 0 5 6 1
0 0 6 7 0 6 7 1
0 0 7 8 0 7 8 1
0 0 8 9 0 8 9 1
0 0 9 10 0 9 10 1
0 0 10 11 0 10 11 1
0 0 11 12 0 11 12 1
0 0 12 13 0 12 13 1
0 0 13 14 0 13 14 1
0 0 14 15 0 14 15 1
0 0 15 16 0 15 16 1
0 0 16 17 0 16 17 1
0 0 17 18 0 17 18 1
0 0 18 19 0 18 19 1
0 0 19 20 0 19 20 1
0 0 20 21 0 20 21 1
0 22 23 0 22 23 0 2
0 22 0 21 22 0 21 2
0 24 25 19 24 25 19 3
0 24 19 18 24 19 18 3
0 25 26 20 25 26 20 4
0 25 20 19 25 20 19 4
0 26 22 21 26 22 21 5
0 26 21 20 26 21 20 5
0 23 27 1 23 27 1 6
0 23 1 0 23 1 0 6
0 28 29 3 28 29 3 7
0 28 3 2 28 3 2 7
0 27 28 2 27 28 2 8
0 27 2 1 27 2 1 8
0 29 30 4 29 30 4 9
0 29 4 3 29 4 3 9
0 30 31 5 30 31 5 10
0 30 5 4 30 5 4 10
0 31 32 6 31 32 6 11
0 31 6 5 31 6 5 11
0 33 24 18 33 24 18 12
0 33 18 17 33 18 17 12
0 34 7 6 34 7 6 13
0 34 6 32 34 6 32 13
0 35 8 7 35 8 7 14
0 35 7 34 35 7 34 14
0 35 36 9 35 36 9 15
0 35 9 8 35 9 8 15
0 36 37 10 36 37 10 16
0 36 10 9 36 10 9 16
0 37 38 11 37 38 11 17
0 37 11 10 37 11 10 17
0 38 39 12 38 39 12 18
0 38 12 11 38 12 11 18
0 39 40 13 39 40 13 19
0 39 13 12 39 13 12 19
0 40 41 14 40 41 14 20
0 40 14 13 40 14 13 20
0 41 42 15 41 42 15 21
0 41 15 14 41 15 14 21
0 42 43 16 42 43 16 22
0 42 16 15 42 16 15 22
0 43 33 17 43 33 17 23
0 43 17 16 43 17 16 23

Materials: 0

Bones: 0
GroupComments: 0
MaterialComments: 0
BoneComments: 0
ModelComment: 0
