// MilkShape 3D ASCII

Frames: 1
Frame: 1

Meshes: 1
"membrane" 0 0
40
1 -18.636658 -0.780000 6.055419 0.327511 0.161568 -1
1 -19.595743 -0.780000 0.000001 0.231371 0.231432 -1
1 -25.957100 0.520000 0.000001 0.142111 0.142097 -1
1 -24.686666 0.520000 8.021186 0.270229 0.049025 -1
1 -18.636660 -0.780000 -6.055418 0.161528 0.327587 -1
1 -24.686668 0.520000 -8.021184 0.049032 0.270212 -1
1 -15.853289 -0.780000 -11.518089 0.124818 0.440618 -1
1 -20.999735 0.520000 -15.257199 0.000100 0.420814 -1
1 -11.518089 -0.780000 -15.853289 0.124832 0.559460 -1
1 -15.257199 0.520000 -20.999735 0.000100 0.579165 -1
1 -6.055418 -0.780000 -18.636660 0.161570 0.672482 -1
1 -8.021185 0.520000 -24.686668 0.049032 0.729766 -1
1 0.000000 -0.780000 -19.595743 0.231435 0.768619 -1
1 0.000000 0.520000 -25.957100 0.142105 0.857875 -1
1 6.055417 -0.780000 -18.636660 0.327587 0.838463 -1
1 8.021183 0.520000 -24.686668 0.270210 0.950954 -1
1 11.518090 -0.780000 -15.853289 0.440616 0.875177 -1
1 15.257201 0.520000 -20.999733 0.420808 0.999892 -1
1 15.853292 -0.780000 -11.518085 0.559459 0.875166 -1
1 20.999737 0.520000 -15.257196 0.579159 0.999900 -1
1 18.636658 -0.780000 -6.055421 0.672482 0.838432 -1
1 24.686666 0.520000 -8.021188 0.729764 0.950975 -1
1 19.595743 -0.780000 -0.000000 0.768622 0.768568 -1
1 25.957100 0.520000 -0.000000 0.857882 0.857903 -1
1 18.636658 -0.780000 6.055420 0.838465 0.672413 -1
1 24.686666 0.520000 8.021187 0.950960 0.729789 -1
1 15.853292 -0.780000 11.518085 0.875175 0.559383 -1
1 20.999737 0.520000 15.257196 0.999893 0.579186 -1
1 11.518092 -0.780000 15.853289 0.875161 0.440540 -1
1 15.257204 0.520000 20.999733 0.999893 0.420836 -1
1 6.055418 -0.780000 18.636660 0.838423 0.327519 -1
1 8.021184 0.520000 24.686668 0.950962 0.270235 -1
1 0.000002 -0.780000 19.595743 0.768559 0.231381 -1
1 0.000002 0.520000 25.957100 0.857888 0.142126 -1
1 -6.055419 -0.780000 18.636658 0.672406 0.161537 -1
1 -8.021186 0.520000 24.686666 0.729783 0.049046 -1
1 -11.518088 -0.780000 15.853291 0.559376 0.124824 -1
1 -15.257197 0.520000 20.999737 0.579185 0.000108 -1
1 -15.853289 -0.780000 11.518088 0.440534 0.124834 -1
1 -20.999735 0.520000 15.257197 0.420834 0.000100 -1
40
0.193677 0.979696 -0.051816
0.200210 0.979696 0.010570
0.200210 0.979696 -0.010570
0.187144 0.979696 -0.071921
0.187144 0.979696 0.071921
0.193677 0.979696 0.051815
0.155760 0.979696 0.126232
0.168186 0.979696 0.109129
0.109129 0.979696 0.168186
0.126232 0.979696 0.155760
0.051815 0.979696 0.193677
0.071921 0.979696 0.187144
-0.010570 0.979696 0.200210
0.010570 0.979696 0.200210
-0.071921 0.979696 0.187144
-0.051815 0.979696 0.193677
-0.126232 0.979696 0.155760
-0.109129 0.979696 0.168186
-0.168186 0.979696 0.109129
-0.155760 0.979696 0.126232
-0.193677 0.979696 0.051816
-0.187144 0.979696 0.071921
-0.200210 0.979696 -0.010570
-0.200210 0.979696 0.010570
-0.187144 0.979696 -0.071921
-0.193677 0.979696 -0.051816
-0.155760 0.979696 -0.126232
-0.168186 0.979696 -0.109129
-0.109129 0.979696 -0.168186
-0.126232 0.979696 -0.155760
-0.051815 0.979696 -0.193677
-0.071921 0.979696 -0.187144
0.010570 0.979696 -0.200210
-0.010570 0.979696 -0.200210
0.071921 0.979696 -0.187144
0.051815 0.979696 -0.193677
0.126232 0.979696 -0.155760
0.109129 0.979696 -0.168186
0.168186 0.979696 -0.109129
0.155760 0.979696 -0.126232
40
1 0 1 2 0 1 2 1
1 3 0 2 3 0 2 1
1 1 4 5 1 4 5 1
1 2 1 5 2 1 5 1
1 4 6 7 4 6 7 1
1 5 4 7 5 4 7 1
1 6 8 9 6 8 9 1
1 7 6 9 7 6 9 1
1 8 10 11 8 10 11 1
1 9 8 11 9 8 11 1
1 10 12 13 10 12 13 1
1 11 10 13 11 10 13 1
1 12 14 15 12 14 15 1
1 13 12 15 13 12 15 1
1 14 16 17 14 16 17 1
1 15 14 17 15 14 17 1
1 16 18 19 16 18 19 1
1 17 16 19 17 16 19 1
1 18 20 21 18 20 21 1
1 19 18 21 19 18 21 1
1 20 22 23 20 22 23 1
1 21 20 23 21 20 23 1
1 22 24 25 22 24 25 1
1 23 22 25 23 22 25 1
1 24 26 27 24 26 27 1
1 25 24 27 25 24 27 1
1 26 28 29 26 28 29 1
1 27 26 29 27 26 29 1
1 28 30 31 28 30 31 1
1 29 28 31 29 28 31 1
1 30 32 33 30 32 33 1
1 31 30 33 31 30 33 1
1 32 34 35 32 34 35 1
1 33 32 35 33 32 35 1
1 34 36 37 34 36 37 1
1 35 34 37 35 34 37 1
1 36 38 39 36 38 39 1
1 37 36 39 37 36 39 1
1 38 0 3 38 0 3 1
1 39 38 3 39 38 3 1

Materials: 1
"speakerpart"
0.200000 0.200000 0.200000 0.800000
1.000000 1.000000 1.000000 1.000000
0.000000 0.000000 0.000000 1.000000
0.000000 0.000000 0.000000 0.800000
0.000000
1.000000
"materials/B.png"
"materials/membrane.png"

Bones: 0
GroupComments: 0
MaterialComments: 0
BoneComments: 0
ModelComment: 0
