// MilkShape 3D ASCII

Frames: 1
Frame: 1

Meshes: 1
"light" 0 0
20
0 -0.000000 -0.780000 -19.580662 0.500000 0.000000 -1
0 -6.050757 -0.780000 -18.622316 0.345492 0.024472 -1
0 -11.509223 -0.780000 -15.841089 0.206107 0.095492 -1
0 -15.841089 -0.780000 -11.509223 0.095491 0.206107 -1
0 -18.622316 -0.780000 -6.050756 0.024472 0.345492 -1
0 -19.580662 -0.780000 0.000001 0.000000 0.500000 -1
0 -18.622314 -0.780000 6.050757 0.024472 0.654508 -1
0 -15.841089 -0.780000 11.509222 0.095491 0.793893 -1
0 -11.509222 -0.780000 15.841089 0.206107 0.904508 -1
0 -6.050757 -0.780000 18.622314 0.345491 0.975528 -1
0 0.000002 -0.780000 19.580662 0.500000 1.000000 -1
0 6.050756 -0.780000 18.622316 0.654508 0.975528 -1
0 11.509226 -0.780000 15.841087 0.793893 0.904508 -1
0 15.841089 -0.780000 11.509219 0.904509 0.793893 -1
0 18.622314 -0.780000 6.050759 0.975528 0.654509 -1
0 19.580662 -0.780000 -0.000000 1.000000 0.500000 -1
0 18.622314 -0.780000 -6.050760 0.975528 0.345491 -1
0 15.841089 -0.780000 -11.509219 0.904509 0.206107 -1
0 11.509224 -0.780000 -15.841087 0.793893 0.095492 -1
0 6.050756 -0.780000 -18.622316 0.654508 0.024472 -1
1
-0.000000 1.000000 0.000000
18
0 0 1 2 0 0 0 1
0 0 2 3 0 0 0 1
0 0 3 4 0 0 0 1
0 0 4 5 0 0 0 1
0 0 5 6 0 0 0 1
0 0 6 7 0 0 0 1
0 0 7 8 0 0 0 1
0 0 8 9 0 0 0 1
0 0 9 10 0 0 0 1
0 0 10 11 0 0 0 1
0 0 11 12 0 0 0 1
0 0 12 13 0 0 0 1
0 0 13 14 0 0 0 1
0 0 14 15 0 0 0 1
0 0 15 16 0 0 0 1
0 0 16 17 0 0 0 1
0 0 17 18 0 0 0 1
0 0 18 19 0 0 0 1

Materials: 1
"light"
0.200000 0.200000 0.200000 0.800000
1.000000 1.000000 1.000000 1.000000
0.000000 0.000000 0.000000 1.000000
0.000000 0.000000 0.000000 0.800000
0.000000
1.000000
"materials/speakerlight.png"
""

Bones: 0
GroupComments: 0
MaterialComments: 0
BoneComments: 0
ModelComment: 0
