// MilkShape 3D ASCII

Frames: 1
Frame: 1

Meshes: 1
"glass2" 0 0
40
0 -24.686668 0.520000 -8.021184 0.308688 0.124541 -1
0 -29.624004 0.000000 -9.625422 0.270221 0.049033 -1
0 -31.148520 0.000000 0.000001 0.142111 0.142110 -1
0 -25.957100 0.520000 0.000001 0.202029 0.202036 -1
0 -29.624001 0.000000 9.625422 0.049034 0.270221 -1
0 -24.686666 0.520000 8.021186 0.124537 0.308698 -1
0 -25.199680 0.000000 18.308638 0.000100 0.420823 -1
0 -20.999735 0.520000 15.257197 0.083798 0.434085 -1
0 -18.308638 0.000000 25.199684 0.000100 0.579176 -1
0 -15.257197 0.520000 20.999737 0.083799 0.565925 -1
0 -9.625422 0.000000 29.624001 0.049034 0.729778 -1
0 -8.021186 0.520000 24.686666 0.124542 0.691311 -1
0 0.000003 0.000000 31.148520 0.142111 0.857888 -1
0 0.000002 0.520000 25.957100 0.202037 0.797971 -1
0 9.625422 0.000000 29.624004 0.270221 0.950966 -1
0 8.021184 0.520000 24.686668 0.308698 0.875463 -1
0 18.308643 0.000000 25.199678 0.420823 0.999900 -1
0 15.257204 0.520000 20.999733 0.434085 0.916202 -1
0 25.199684 0.000000 18.308636 0.579176 0.999900 -1
0 20.999737 0.520000 15.257196 0.565925 0.916200 -1
0 29.624001 0.000000 9.625425 0.729778 0.950967 -1
0 24.686666 0.520000 8.021187 0.691311 0.875458 -1
0 31.148520 0.000000 -0.000000 0.857889 0.857889 -1
0 25.957100 0.520000 -0.000000 0.797971 0.797964 -1
0 29.624001 0.000000 -9.625425 0.950967 0.729779 -1
0 24.686666 0.520000 -8.021188 0.875463 0.691302 -1
0 25.199684 0.000000 -18.308636 0.999900 0.579177 -1
0 20.999737 0.520000 -15.257196 0.916202 0.565915 -1
0 18.308643 0.000000 -25.199678 0.999900 0.420824 -1
0 15.257201 0.520000 -20.999733 0.916201 0.434075 -1
0 9.625421 0.000000 -29.624004 0.950967 0.270222 -1
0 8.021183 0.520000 -24.686668 0.875458 0.308689 -1
0 0.000000 0.000000 -31.148520 0.857889 0.142112 -1
0 0.000000 0.520000 -25.957100 0.797964 0.202029 -1
0 -9.625422 0.000000 -29.624004 0.729779 0.049034 -1
0 -8.021185 0.520000 -24.686668 0.691302 0.124537 -1
0 -18.308640 0.000000 -25.199680 0.579177 0.000100 -1
0 -15.257199 0.520000 -20.999735 0.565915 0.083798 -1
0 -25.199680 0.000000 -18.308640 0.420824 0.000100 -1
0 -20.999735 0.520000 -15.257199 0.434075 0.083799 -1
20
-0.094788 0.995021 -0.030799
-0.099666 0.995021 0.000000
-0.094788 0.995021 0.030799
-0.080632 0.995021 0.058582
-0.058582 0.995021 0.080632
-0.030799 0.995021 0.094788
0.000000 0.995021 0.099666
0.030799 0.995021 0.094788
0.058583 0.995021 0.080632
0.080632 0.995021 0.058582
0.094788 0.995021 0.030799
0.099666 0.995021 0.000000
0.094788 0.995021 -0.030799
0.080632 0.995021 -0.058582
0.058583 0.995021 -0.080632
0.030799 0.995021 -0.094788
0.000000 0.995021 -0.099666
-0.030799 0.995021 -0.094788
-0.058582 0.995021 -0.080632
-0.080632 0.995021 -0.058582
40
0 0 1 2 0 0 1 1
0 0 2 3 0 1 1 1
0 3 2 4 1 1 2 1
0 3 4 5 1 2 2 1
0 5 4 6 2 2 3 1
0 5 6 7 2 3 3 1
0 7 6 8 3 3 4 1
0 7 8 9 3 4 4 1
0 9 8 10 4 4 5 1
0 9 10 11 4 5 5 1
0 11 10 12 5 5 6 1
0 11 12 13 5 6 6 1
0 13 12 14 6 6 7 1
0 13 14 15 6 7 7 1
0 15 14 16 7 7 8 1
0 15 16 17 7 8 8 1
0 17 16 18 8 8 9 1
0 17 18 19 8 9 9 1
0 19 18 20 9 9 10 1
0 19 20 21 9 10 10 1
0 21 20 22 10 10 11 1
0 21 22 23 10 11 11 1
0 23 22 24 11 11 12 1
0 23 24 25 11 12 12 1
0 25 24 26 12 12 13 1
0 25 26 27 12 13 13 1
0 27 26 28 13 13 14 1
0 27 28 29 13 14 14 1
0 29 28 30 14 14 15 1
0 29 30 31 14 15 15 1
0 31 30 32 15 15 16 1
0 31 32 33 15 16 16 1
0 33 32 34 16 16 17 1
0 33 34 35 16 17 17 1
0 35 34 36 17 17 18 1
0 35 36 37 17 18 18 1
0 37 36 38 18 18 19 1
0 37 38 39 18 19 19 1
0 39 38 1 19 19 0 1
0 39 1 0 19 0 0 1

Materials: 1
"glass01"
0.200000 0.200000 0.200000 0.800000
1.000000 1.000000 1.000000 1.000000
0.000000 0.000000 0.000000 1.000000
0.000000 0.000000 0.000000 0.800000
0.000000
1.000000
"materials/glass_spheremap.png"
""

Bones: 0
GroupComments: 0
MaterialComments: 0
BoneComments: 0
ModelComment: 0
