// MilkShape 3D ASCII

Frames: 1
Frame: 18

Meshes: 1
"Circle" 0 0
170
0 -5.061699 13.000000 -15.578308 0.246677 0.999490 -1
0 -9.627924 13.000000 -13.251701 0.310698 0.978688 -1
0 -13.251701 13.000000 -9.627924 0.365158 0.939121 -1
0 -15.578308 13.000000 -5.061699 0.404726 0.884661 -1
0 -16.380001 13.000000 0.000000 0.425527 0.820639 -1
0 -15.578307 13.000000 5.061699 0.425527 0.753323 -1
0 -13.251701 13.000000 9.627923 0.404726 0.689302 -1
0 -9.627923 13.000000 13.251702 0.365158 0.634842 -1
0 -5.061699 13.000000 15.578307 0.310698 0.595274 -1
0 0.000002 13.000000 16.380001 0.246677 0.574473 -1
0 5.061699 13.000000 15.578308 0.179361 0.574473 -1
0 9.627925 13.000000 13.251699 0.115339 0.595274 -1
0 13.251702 13.000000 9.627921 0.060879 0.634842 -1
0 15.578307 13.000000 5.061701 0.021312 0.689302 -1
0 16.380001 13.000000 -0.000000 0.000510 0.753323 -1
0 15.578307 13.000000 -5.061701 0.000510 0.820639 -1
0 13.251702 13.000000 -9.627921 0.021312 0.884661 -1
0 9.627924 13.000000 -13.251699 0.060879 0.939120 -1
0 5.061697 13.000000 -15.578308 0.115339 0.978688 -1
0 0.000000 13.000000 -16.380001 0.179361 0.999490 -1
0 9.627924 13.000000 -13.251699 1.000000 1.000000 -1
0 14.671121 9.360000 -20.193063 1.000000 0.000000 -1
0 7.713063 9.360000 -23.738371 0.900000 0.000000 -1
0 5.061697 13.000000 -15.578308 0.900000 1.000000 -1
0 13.251702 13.000000 -9.627921 0.900000 1.000000 -1
0 20.193067 9.360000 -14.671116 0.900000 0.000000 -1
0 14.671121 9.360000 -20.193063 0.800000 0.000000 -1
0 9.627924 13.000000 -13.251699 0.800000 1.000000 -1
0 15.578307 13.000000 -5.061701 1.000000 1.000000 -1
0 23.738370 9.360000 -7.713068 1.000000 0.000000 -1
0 16.380001 13.000000 -0.000000 0.900000 1.000000 -1
0 24.959998 9.360000 -0.000000 0.900000 0.000000 -1
0 23.738370 9.360000 -7.713068 0.800000 0.000000 -1
0 15.578307 13.000000 -5.061701 0.800000 1.000000 -1
0 15.578307 13.000000 5.061701 1.000000 1.000000 -1
0 23.738370 9.360000 7.713068 1.000000 0.000000 -1
0 13.251702 13.000000 9.627921 0.900000 1.000000 -1
0 20.193067 9.360000 14.671116 0.900000 -0.000000 -1
0 23.738370 9.360000 7.713068 0.800000 0.000000 -1
0 15.578307 13.000000 5.061701 0.800000 1.000000 -1
0 9.627925 13.000000 13.251699 1.000000 1.000000 -1
0 14.671122 9.360000 20.193063 1.000000 0.000000 -1
0 5.061699 13.000000 15.578308 0.900000 1.000000 -1
0 7.713064 9.360000 23.738371 0.900000 -0.000000 -1
0 14.671122 9.360000 20.193063 0.800000 0.000000 -1
0 9.627925 13.000000 13.251699 0.800000 1.000000 -1
0 0.000002 13.000000 16.380001 1.000000 1.000000 -1
0 0.000002 9.360000 24.959998 1.000000 0.000000 -1
0 -5.061699 13.000000 15.578307 0.900000 1.000000 -1
0 -7.713064 9.360000 23.738370 0.900000 0.000000 -1
0 0.000002 9.360000 24.959998 0.800000 0.000000 -1
0 0.000002 13.000000 16.380001 0.800000 1.000000 -1
0 -9.627923 13.000000 13.251702 1.000000 1.000000 -1
0 -14.671117 9.360000 20.193064 1.000000 0.000000 -1
0 -13.251701 13.000000 9.627923 0.900000 1.000000 -1
0 -20.193064 9.360000 14.671117 0.900000 0.000000 -1
0 -14.671117 9.360000 20.193064 0.800000 0.000000 -1
0 -9.627923 13.000000 13.251702 0.800000 1.000000 -1
0 -15.578307 13.000000 5.061699 1.000000 1.000000 -1
0 -23.738370 9.360000 7.713064 1.000000 0.000000 -1
0 -16.380001 13.000000 0.000000 0.900000 1.000000 -1
0 -24.959998 9.360000 0.000002 0.900000 -0.000000 -1
0 -23.738370 9.360000 7.713064 0.800000 0.000000 -1
0 -15.578307 13.000000 5.061699 0.800000 1.000000 -1
0 -15.578308 13.000000 -5.061699 1.000000 1.000000 -1
0 -23.738371 9.360000 -7.713064 1.000000 0.000000 -1
0 -13.251701 13.000000 -9.627924 0.900000 1.000000 -1
0 -20.193064 9.360000 -14.671119 0.900000 0.000000 -1
0 -23.738371 9.360000 -7.713064 0.800000 -0.000000 -1
0 -15.578308 13.000000 -5.061699 0.800000 1.000000 -1
0 -9.627924 13.000000 -13.251701 1.000000 1.000000 -1
0 -14.671119 9.360000 -20.193064 1.000000 0.000000 -1
0 -5.061699 13.000000 -15.578308 0.900000 1.000000 -1
0 -7.713064 9.360000 -23.738371 0.900000 0.000000 -1
0 -14.671119 9.360000 -20.193064 0.800000 0.000000 -1
0 -9.627924 13.000000 -13.251701 0.800000 1.000000 -1
0 0.000000 13.000000 -16.380001 1.000000 1.000000 -1
0 0.000000 9.360000 -24.959998 1.000000 0.000000 -1
0 0.000000 9.360000 -24.959998 0.800000 0.000000 -1
0 0.000000 13.000000 -16.380001 0.800000 1.000000 -1
0 0.000000 16.639999 -24.959998 1.000000 0.000000 -1
0 7.713063 16.639999 -23.738371 0.900000 0.000000 -1
0 5.061697 13.000000 -15.578308 0.900000 1.000000 -1
0 0.000000 13.000000 -16.380001 1.000000 1.000000 -1
0 -5.061699 13.000000 -15.578308 0.900000 1.000000 -1
0 -7.713064 16.639999 -23.738371 0.900000 0.000000 -1
0 0.000000 16.639999 -24.959998 0.800000 0.000000 -1
0 0.000000 13.000000 -16.380001 0.800000 1.000000 -1
0 -9.627924 13.000000 -13.251701 1.000000 1.000000 -1
0 -14.671119 16.639999 -20.193064 1.000000 0.000000 -1
0 -13.251701 13.000000 -9.627924 0.900000 1.000000 -1
0 -20.193064 16.639999 -14.671119 0.900000 -0.000000 -1
0 -14.671119 16.639999 -20.193064 0.800000 0.000000 -1
0 -9.627924 13.000000 -13.251701 0.800000 1.000000 -1
0 -15.578308 13.000000 -5.061699 1.000000 1.000000 -1
0 -23.738371 16.639999 -7.713064 1.000000 0.000000 -1
0 -16.380001 13.000000 0.000000 0.900000 1.000000 -1
0 -24.959998 16.639999 0.000002 0.900000 -0.000000 -1
0 -23.738371 16.639999 -7.713064 0.800000 -0.000000 -1
0 -15.578308 13.000000 -5.061699 0.800000 1.000000 -1
0 -15.578307 13.000000 5.061699 1.000000 1.000000 -1
0 -23.738370 16.639999 7.713064 1.000000 0.000000 -1
0 -13.251701 13.000000 9.627923 0.900000 1.000000 -1
0 -20.193064 16.639999 14.671117 0.900000 0.000000 -1
0 -23.738370 16.639999 7.713064 0.800000 0.000000 -1
0 -15.578307 13.000000 5.061699 0.800000 1.000000 -1
0 -9.627923 13.000000 13.251702 1.000000 1.000000 -1
0 -14.671117 16.639999 20.193064 1.000000 0.000000 -1
0 -5.061699 13.000000 15.578307 0.900000 1.000000 -1
0 -7.713064 16.639999 23.738370 0.900000 0.000000 -1
0 -14.671117 16.639999 20.193064 0.800000 0.000000 -1
0 -9.627923 13.000000 13.251702 0.800000 1.000000 -1
0 0.000002 13.000000 16.380001 1.000000 1.000000 -1
0 0.000002 16.639999 24.959998 1.000000 0.000000 -1
0 5.061699 13.000000 15.578308 0.900000 1.000000 -1
0 7.713064 16.639999 23.738371 0.900000 0.000000 -1
0 0.000002 16.639999 24.959998 0.800000 0.000000 -1
0 0.000002 13.000000 16.380001 0.800000 1.000000 -1
0 9.627925 13.000000 13.251699 1.000000 1.000000 -1
0 14.671122 16.639999 20.193063 1.000000 0.000000 -1
0 13.251702 13.000000 9.627921 0.900000 1.000000 -1
0 20.193067 16.639999 14.671116 0.900000 0.000000 -1
0 14.671122 16.639999 20.193063 0.800000 0.000000 -1
0 9.627925 13.000000 13.251699 0.800000 1.000000 -1
0 15.578307 13.000000 5.061701 1.000000 1.000000 -1
0 23.738370 16.639999 7.713068 1.000000 0.000000 -1
0 16.380001 13.000000 -0.000000 0.900000 1.000000 -1
0 24.959998 16.639999 -0.000000 0.900000 0.000000 -1
0 23.738370 16.639999 7.713068 0.800000 0.000000 -1
0 15.578307 13.000000 5.061701 0.800000 1.000000 -1
0 15.578307 13.000000 -5.061701 1.000000 1.000000 -1
0 23.738370 16.639999 -7.713068 1.000000 0.000000 -1
0 13.251702 13.000000 -9.627921 0.900000 1.000000 -1
0 20.193067 16.639999 -14.671116 0.900000 0.000000 -1
0 23.738370 16.639999 -7.713068 0.800000 0.000000 -1
0 15.578307 13.000000 -5.061701 0.800000 1.000000 -1
0 9.627924 13.000000 -13.251699 1.000000 1.000000 -1
0 14.671121 16.639999 -20.193063 1.000000 0.000000 -1
0 14.671121 16.639999 -20.193063 0.800000 0.000000 -1
0 9.627924 13.000000 -13.251699 0.800000 1.000000 -1
0 0.000000 13.000000 -16.380001 0.900000 1.000000 -1
0 0.000000 16.639999 -24.959998 0.950000 0.000000 -1
0 0.000000 9.360000 -24.959998 0.850000 0.000000 -1
0 0.000002 13.000000 16.380001 0.900000 1.000000 -1
0 0.000002 16.639999 24.959998 0.950000 0.000000 -1
0 0.000002 9.360000 24.959998 0.850000 0.000000 -1
0 -14.671117 9.360000 20.193064 0.950000 0.000000 -1
0 -14.671117 16.639999 20.193064 0.850000 0.000000 -1
0 -9.627923 13.000000 13.251702 0.900000 1.000000 -1
0 -15.578307 13.000000 5.061699 0.900000 1.000000 -1
0 -23.738370 16.639999 7.713064 0.950000 0.000000 -1
0 -23.738370 9.360000 7.713064 0.850000 0.000000 -1
0 -15.578308 13.000000 -5.061699 0.900000 1.000000 -1
0 -23.738371 16.639999 -7.713064 0.950000 0.000000 -1
0 -23.738371 9.360000 -7.713064 0.850000 0.000000 -1
0 -9.627924 13.000000 -13.251701 0.900000 1.000000 -1
0 -14.671119 16.639999 -20.193064 0.950000 0.000000 -1
0 -14.671119 9.360000 -20.193064 0.850000 0.000000 -1
0 9.627924 13.000000 -13.251699 0.900000 1.000000 -1
0 14.671121 16.639999 -20.193063 0.950000 0.000000 -1
0 14.671121 9.360000 -20.193063 0.850000 0.000000 -1
0 15.578307 13.000000 -5.061701 0.900000 1.000000 -1
0 23.738370 16.639999 -7.713068 0.950000 0.000000 -1
0 23.738370 9.360000 -7.713068 0.850000 0.000000 -1
0 15.578307 13.000000 5.061701 0.900000 1.000000 -1
0 23.738370 16.639999 7.713068 0.950000 0.000000 -1
0 23.738370 9.360000 7.713068 0.850000 0.000000 -1
0 9.627925 13.000000 13.251699 0.900000 1.000000 -1
0 14.671122 16.639999 20.193063 0.950000 0.000000 -1
0 14.671122 9.360000 20.193063 0.850000 0.000000 -1
50
0.000000 1.000000 0.000000
0.245887 0.840628 -0.482581
0.382979 0.840628 -0.382978
0.482581 0.840628 -0.245887
0.534945 0.840628 -0.084727
0.534945 0.840628 0.084727
0.482581 0.840628 0.245887
0.382979 0.840628 0.382978
0.245887 0.840628 0.482581
0.084727 0.840628 0.534945
-0.084727 0.840628 0.534945
-0.245887 0.840628 0.482581
-0.382979 0.840628 0.382978
-0.482581 0.840628 0.245887
-0.534945 0.840628 0.084727
-0.534945 0.840628 -0.084727
-0.482581 0.840628 -0.245887
-0.382978 0.840628 -0.382978
-0.245887 0.840628 -0.482581
-0.084727 0.840628 -0.534945
0.084727 0.840628 -0.534945
0.084727 -0.840628 -0.534945
-0.084727 -0.840628 -0.534945
-0.245887 -0.840628 -0.482581
-0.382978 -0.840628 -0.382978
-0.482581 -0.840628 -0.245887
-0.534945 -0.840628 -0.084727
-0.534945 -0.840628 0.084727
-0.482581 -0.840628 0.245887
-0.382978 -0.840628 0.382978
-0.245887 -0.840628 0.482581
-0.084727 -0.840628 0.534945
0.084727 -0.840628 0.534945
0.245887 -0.840628 0.482581
0.382979 -0.840628 0.382978
0.482581 -0.840628 0.245887
0.534945 -0.840628 0.084727
0.534945 -0.840628 -0.084727
0.482581 -0.840628 -0.245887
0.382979 -0.840628 -0.382978
0.245887 -0.840628 -0.482581
-1.000000 0.000000 0.000000
1.000000 0.000000 -0.000000
-0.809017 0.000000 -0.587785
0.309017 0.000000 0.951056
-0.309017 0.000000 0.951056
-0.809017 0.000000 0.587785
-0.309017 0.000000 -0.951056
0.309017 0.000000 -0.951056
0.809017 0.000000 -0.587786
108
0 0 1 2 0 0 0 1
0 0 2 3 0 0 0 1
0 0 3 4 0 0 0 1
0 0 4 5 0 0 0 1
0 0 5 6 0 0 0 1
0 0 6 7 0 0 0 1
0 0 7 8 0 0 0 1
0 0 8 9 0 0 0 1
0 0 9 10 0 0 0 1
0 0 10 11 0 0 0 1
0 0 11 12 0 0 0 1
0 0 12 13 0 0 0 1
0 0 13 14 0 0 0 1
0 0 14 15 0 0 0 1
0 0 15 16 0 0 0 1
0 0 16 17 0 0 0 1
0 0 17 18 0 0 0 1
0 0 18 19 0 0 0 1
0 20 21 22 1 1 1 1
0 20 22 23 1 1 1 1
0 24 25 26 2 2 2 1
0 24 26 27 2 2 2 1
0 28 29 25 3 3 3 1
0 28 25 24 3 3 3 1
0 30 31 32 4 4 4 1
0 30 32 33 4 4 4 1
0 34 35 31 5 5 5 1
0 34 31 30 5 5 5 1
0 36 37 38 6 6 6 1
0 36 38 39 6 6 6 1
0 40 41 37 7 7 7 1
0 40 37 36 7 7 7 1
0 42 43 44 8 8 8 1
0 42 44 45 8 8 8 1
0 46 47 43 9 9 9 1
0 46 43 42 9 9 9 1
0 48 49 50 10 10 10 1
0 48 50 51 10 10 10 1
0 52 53 49 11 11 11 1
0 52 49 48 11 11 11 1
0 54 55 56 12 12 12 1
0 54 56 57 12 12 12 1
0 58 59 55 13 13 13 1
0 58 55 54 13 13 13 1
0 60 61 62 14 14 14 1
0 60 62 63 14 14 14 1
0 64 65 61 15 15 15 1
0 64 61 60 15 15 15 1
0 66 67 68 16 16 16 1
0 66 68 69 16 16 16 1
0 70 71 67 17 17 17 1
0 70 67 66 17 17 17 1
0 72 73 74 18 18 18 1
0 72 74 75 18 18 18 1
0 76 77 73 19 19 19 1
0 76 73 72 19 19 19 1
0 23 22 78 20 20 20 1
0 23 78 79 20 20 20 1
0 80 81 82 21 21 21 1
0 80 82 83 21 21 21 1
0 84 85 86 22 22 22 1
0 84 86 87 22 22 22 1
0 88 89 85 23 23 23 1
0 88 85 84 23 23 23 1
0 90 91 92 24 24 24 1
0 90 92 93 24 24 24 1
0 94 95 91 25 25 25 1
0 94 91 90 25 25 25 1
0 96 97 98 26 26 26 1
0 96 98 99 26 26 26 1
0 100 101 97 27 27 27 1
0 100 97 96 27 27 27 1
0 102 103 104 28 28 28 1
0 102 104 105 28 28 28 1
0 106 107 103 29 29 29 1
0 106 103 102 29 29 29 1
0 108 109 110 30 30 30 1
0 108 110 111 30 30 30 1
0 112 113 109 31 31 31 1
0 112 109 108 31 31 31 1
0 114 115 116 32 32 32 1
0 114 116 117 32 32 32 1
0 118 119 115 33 33 33 1
0 118 115 114 33 33 33 1
0 120 121 122 34 34 34 1
0 120 122 123 34 34 34 1
0 124 125 121 35 35 35 1
0 124 121 120 35 35 35 1
0 126 127 128 36 36 36 1
0 126 128 129 36 36 36 1
0 130 131 127 37 37 37 1
0 130 127 126 37 37 37 1
0 132 133 134 38 38 38 1
0 132 134 135 38 38 38 1
0 136 137 133 39 39 39 1
0 136 133 132 39 39 39 1
0 82 81 138 40 40 40 1
0 82 138 139 40 40 40 1
0 140 141 142 41 41 41 1
0 143 144 145 42 42 42 1
0 146 147 148 43 43 43 1
0 149 150 151 44 44 44 1
0 152 153 154 45 45 45 1
0 155 156 157 46 46 46 1
0 158 159 160 43 43 43 1
0 161 162 163 47 47 47 1
0 164 165 166 48 48 48 1
0 167 168 169 49 49 49 1

Materials: 0
Bones: 0
GroupComments: 0
MaterialComments: 0
BoneComments: 0
ModelComment: 0
