// MilkShape 3D ASCII

Frames: 80
Frame: 1

Meshes: 1
"glass" 0 0
102
0 26.000000 0.000000 0.000000 1.000000 -0.500000 -1
0 26.000000 3.640000 0.000000 1.000000 -1.000000 -1
0 24.727470 3.640000 8.034442 0.950000 -1.000000 -1
0 24.727470 0.000000 8.034442 0.950000 -0.500000 -1
0 21.034443 3.640000 15.282416 0.900000 -1.000000 -1
0 21.034443 0.000000 15.282416 0.900000 -0.500000 -1
0 15.282416 3.640000 21.034443 0.850000 -1.000000 -1
0 15.282416 0.000000 21.034443 0.850000 -0.500000 -1
0 8.034441 3.640000 24.727470 0.800000 -1.000000 -1
0 8.034441 0.000000 24.727470 0.800000 -0.500000 -1
0 -0.000001 3.640000 26.000000 0.750000 -1.000000 -1
0 -0.000001 0.000000 26.000000 0.750000 -0.500000 -1
0 -8.034443 3.640000 24.727468 0.700000 -1.000000 -1
0 -8.034443 0.000000 24.727468 0.700000 -0.500000 -1
0 -15.282414 3.640000 21.034443 0.650000 -1.000000 -1
0 -15.282414 0.000000 21.034443 0.650000 -0.500000 -1
0 -21.034443 3.640000 15.282414 0.600000 -1.000000 -1
0 -21.034443 0.000000 15.282414 0.600000 -0.500000 -1
0 -24.727468 3.640000 8.034443 0.550000 -1.000000 -1
0 -24.727468 0.000000 8.034443 0.550000 -0.500000 -1
0 -26.000000 3.640000 -0.000002 0.500000 -1.000000 -1
0 -26.000000 0.000000 -0.000002 0.500000 -0.500000 -1
0 -24.727470 3.640000 -8.034441 0.450000 -1.000000 -1
0 -24.727470 0.000000 -8.034441 0.450000 -0.500000 -1
0 -21.034441 3.640000 -15.282419 0.400000 -1.000000 -1
0 -21.034441 0.000000 -15.282419 0.400000 -0.500000 -1
0 -15.282412 3.640000 -21.034445 0.350000 -1.000000 -1
0 -15.282412 0.000000 -21.034445 0.350000 -0.500000 -1
0 -8.034445 3.640000 -24.727468 0.300000 -1.000000 -1
0 -8.034445 0.000000 -24.727468 0.300000 -0.500000 -1
0 0.000000 3.640000 -26.000000 0.250000 -1.000000 -1
0 0.000000 0.000000 -26.000000 0.250000 -0.500000 -1
0 8.034445 3.640000 -24.727468 0.200000 -1.000000 -1
0 8.034445 0.000000 -24.727468 0.200000 -0.500000 -1
0 15.282412 3.640000 -21.034445 0.150000 -1.000000 -1
0 15.282412 0.000000 -21.034445 0.150000 -0.500000 -1
0 21.034441 3.640000 -15.282418 0.100000 -1.000000 -1
0 21.034441 0.000000 -15.282418 0.100000 -0.500000 -1
0 24.727470 3.640000 -8.034441 0.050000 -1.000000 -1
0 24.727470 0.000000 -8.034441 0.050000 -0.500000 -1
0 26.000000 3.640000 0.000000 -0.000000 -1.000000 -1
0 26.000000 0.000000 0.000000 -0.000000 -0.500000 -1
0 26.000000 0.000000 0.000000 0.750000 -0.490000 -1
0 24.727470 0.000000 8.034442 0.824164 -0.478254 -1
0 21.034443 0.000000 15.282416 0.891068 -0.444164 -1
0 15.282416 0.000000 21.034443 0.944164 -0.391068 -1
0 8.034441 0.000000 24.727470 0.978254 -0.324164 -1
0 -0.000001 0.000000 26.000000 0.990000 -0.250000 -1
0 -8.034443 0.000000 24.727468 0.978254 -0.175836 -1
0 -15.282414 0.000000 21.034443 0.944164 -0.108932 -1
0 -21.034443 0.000000 15.282414 0.891068 -0.055836 -1
0 -24.727468 0.000000 8.034443 0.824164 -0.021746 -1
0 -26.000000 0.000000 -0.000002 0.750000 -0.010000 -1
0 -24.727470 0.000000 -8.034441 0.675836 -0.021746 -1
0 -21.034441 0.000000 -15.282419 0.608932 -0.055836 -1
0 -15.282412 0.000000 -21.034445 0.555836 -0.108932 -1
0 -8.034445 0.000000 -24.727468 0.521746 -0.175836 -1
0 0.000000 0.000000 -26.000000 0.510000 -0.250000 -1
0 8.034445 0.000000 -24.727468 0.521746 -0.324164 -1
0 15.282412 0.000000 -21.034445 0.555836 -0.391068 -1
0 21.034441 0.000000 -15.282418 0.608932 -0.444164 -1
0 24.727470 0.000000 -8.034441 0.675836 -0.478254 -1
0 4.974884 17.420435 -0.000000 0.750000 -0.875000 -1
0 4.731398 17.420435 -1.537325 0.800000 -0.875000 -1
0 4.024767 17.420435 -2.924166 0.850000 -0.875000 -1
0 2.924164 17.420435 -4.024769 0.900000 -0.875000 -1
0 1.537323 17.420435 -4.731400 0.950000 -0.875000 -1
0 -0.000002 17.420435 -4.974888 1.000000 -0.875000 -1
0 -1.537327 17.420437 -4.731399 0.050000 -0.875000 -1
0 -2.924167 17.420435 -4.024769 0.100000 -0.875000 -1
0 -4.024771 17.420435 -2.924166 0.150000 -0.875000 -1
0 -4.731401 17.420435 -1.537325 0.200000 -0.875000 -1
0 -4.974889 17.420435 -0.000001 0.250000 -0.875000 -1
0 -4.731401 17.420435 1.537324 0.300000 -0.875000 -1
0 -4.024771 17.420435 2.924165 0.350000 -0.875000 -1
0 -2.924168 17.420435 4.024768 0.400000 -0.875000 -1
0 -1.537327 17.420435 4.731399 0.450000 -0.875000 -1
0 -0.000003 17.420435 4.974887 0.500000 -0.875000 -1
0 1.537322 17.420435 4.731398 0.550000 -0.875000 -1
0 2.924162 17.420435 4.024767 0.600000 -0.875000 -1
0 4.024765 17.420435 2.924165 0.650000 -0.875000 -1
0 4.731396 17.420435 1.537324 0.700000 -0.875000 -1
0 1.537322 15.600436 4.731398 0.550000 -0.875000 -1
0 2.924162 15.600436 4.024767 0.600000 -0.875000 -1
0 4.731398 15.600436 -1.537325 0.800000 -0.875000 -1
0 4.024767 15.600436 -2.924166 0.850000 -0.875000 -1
0 -4.024771 15.600436 -2.924166 0.150000 -0.875000 -1
0 -4.731401 15.600436 -1.537325 0.200000 -0.875000 -1
0 -0.000003 15.600436 4.974887 0.500000 -0.875000 -1
0 4.974884 15.600436 -0.000000 0.750000 -0.875000 -1
0 -2.924167 15.600436 -4.024769 0.100000 -0.875000 -1
0 -1.537327 15.600436 4.731399 0.450000 -0.875000 -1
0 -1.537327 15.600436 -4.731399 0.050000 -0.875000 -1
0 -2.924168 15.600436 4.024768 0.400000 -0.875000 -1
0 -0.000002 15.600436 -4.974888 1.000000 -0.875000 -1
0 -4.024771 15.600436 2.924165 0.350000 -0.875000 -1
0 4.731396 15.600436 1.537324 0.700000 -0.875000 -1
0 1.537323 15.600436 -4.731400 0.950000 -0.875000 -1
0 -4.731401 15.600436 1.537324 0.300000 -0.875000 -1
0 4.024765 15.600436 2.924165 0.650000 -0.875000 -1
0 2.924164 15.600436 -4.024769 0.900000 -0.875000 -1
0 -4.974889 15.600436 -0.000001 0.250000 -0.875000 -1
60
0.739128 -0.673513 0.000000
1.000000 0.000000 0.000000
0.951048 0.000000 0.309000
0.702963 -0.673513 0.228401
0.809015 0.000000 0.587756
0.597980 -0.673513 0.434462
0.587756 0.000000 0.809015
0.434462 -0.673513 0.597980
0.309000 0.000000 0.951048
0.228401 -0.673513 0.702963
0.000000 0.000000 1.000000
0.000000 -0.673513 0.739128
-0.309000 0.000000 0.951048
-0.228401 -0.673513 0.702963
-0.587756 0.000000 0.809015
-0.434462 -0.673513 0.597980
-0.809015 0.000000 0.587756
-0.597980 -0.673513 0.434462
-0.951048 0.000000 0.309000
-0.702963 -0.673513 0.228401
-1.000000 0.000000 0.000000
-0.739128 -0.673513 0.000000
-0.951048 0.000000 -0.309000
-0.702963 -0.673513 -0.228401
-0.809015 0.000000 -0.587756
-0.597980 -0.673513 -0.434462
-0.587756 0.000000 -0.809015
-0.434462 -0.673513 -0.597980
-0.309000 0.000000 -0.951048
-0.228401 -0.673513 -0.702963
0.000000 0.000000 -1.000000
0.000000 -0.673513 -0.739128
0.309000 0.000000 -0.951048
0.228401 -0.673513 -0.702963
0.587756 0.000000 -0.809015
0.434462 -0.673513 -0.597980
0.809015 0.000000 -0.587756
0.597980 -0.673513 -0.434462
0.951048 0.000000 -0.309000
0.702963 -0.673513 -0.228401
0.739128 0.673513 0.000000
0.702963 0.673513 -0.228401
0.597980 0.673513 -0.434462
0.434462 0.673513 -0.597980
0.228401 0.673513 -0.702963
0.000000 0.673513 -0.739128
-0.228401 0.673513 -0.702963
-0.434462 0.673513 -0.597980
-0.597980 0.673513 -0.434462
-0.702963 0.673513 -0.228401
-0.739128 0.673513 0.000000
-0.702963 0.673513 0.228401
-0.597980 0.673513 0.434462
-0.434462 0.673513 0.597980
-0.228401 0.673513 0.702963
0.000000 0.673513 0.739128
0.228401 0.673513 0.702963
0.434462 0.673513 0.597980
0.597980 0.673513 0.434462
0.702963 0.673513 0.228401
116
0 0 1 2 0 1 2 1
0 0 2 3 0 2 3 1
0 3 2 4 3 2 4 2
0 3 4 5 3 4 5 2
0 5 4 6 5 4 6 3
0 5 6 7 5 6 7 3
0 7 6 8 7 6 8 4
0 7 8 9 7 8 9 4
0 9 8 10 9 8 10 5
0 9 10 11 9 10 11 5
0 11 10 12 11 10 12 6
0 11 12 13 11 12 13 6
0 13 12 14 13 12 14 7
0 13 14 15 13 14 15 7
0 15 14 16 15 14 16 8
0 15 16 17 15 16 17 8
0 17 16 18 17 16 18 9
0 17 18 19 17 18 19 9
0 19 18 20 19 18 20 10
0 19 20 21 19 20 21 10
0 21 20 22 21 20 22 11
0 21 22 23 21 22 23 11
0 23 22 24 23 22 24 12
0 23 24 25 23 24 25 12
0 25 24 26 25 24 26 13
0 25 26 27 25 26 27 13
0 27 26 28 27 26 28 14
0 27 28 29 27 28 29 14
0 29 28 30 29 28 30 15
0 29 30 31 29 30 31 15
0 31 30 32 31 30 32 16
0 31 32 33 31 32 33 16
0 33 32 34 33 32 34 17
0 33 34 35 33 34 35 17
0 35 34 36 35 34 36 18
0 35 36 37 35 36 37 18
0 37 36 38 37 36 38 19
0 37 38 39 37 38 39 19
0 39 38 40 39 38 1 20
0 39 40 41 39 1 0 20
0 42 43 44 0 3 5 21
0 42 44 45 0 5 7 21
0 42 45 46 0 7 9 21
0 42 46 47 0 9 11 21
0 42 47 48 0 11 13 21
0 42 48 49 0 13 15 21
0 42 49 50 0 15 17 21
0 42 50 51 0 17 19 21
0 42 51 52 0 19 21 21
0 42 52 53 0 21 23 21
0 42 53 54 0 23 25 21
0 42 54 55 0 25 27 21
0 42 55 56 0 27 29 21
0 42 56 57 0 29 31 21
0 42 57 58 0 31 33 21
0 42 58 59 0 33 35 21
0 42 59 60 0 35 37 21
0 42 60 61 0 37 39 21
0 62 63 64 40 41 42 22
0 62 64 65 40 42 43 22
0 62 65 66 40 43 44 22
0 62 66 67 40 44 45 22
0 62 67 68 40 45 46 22
0 62 68 69 40 46 47 22
0 62 69 70 40 47 48 22
0 62 70 71 40 48 49 22
0 62 71 72 40 49 50 22
0 62 72 73 40 50 51 22
0 62 73 74 40 51 52 22
0 62 74 75 40 52 53 22
0 62 75 76 40 53 54 22
0 62 76 77 40 54 55 22
0 62 77 78 40 55 56 22
0 62 78 79 40 56 57 22
0 62 79 80 40 57 58 22
0 62 80 81 40 58 59 22
0 82 83 79 8 6 57 23
0 82 79 78 8 57 56 23
0 84 85 64 38 36 42 24
0 84 64 63 38 42 41 24
0 86 87 71 24 22 49 25
0 86 71 70 24 49 48 25
0 88 82 78 10 8 56 26
0 88 78 77 10 56 55 26
0 89 84 63 1 38 41 27
0 89 63 62 1 41 40 27
0 90 86 70 26 24 48 28
0 90 70 69 26 48 47 28
0 91 88 77 12 10 55 29
0 91 77 76 12 55 54 29
0 92 90 69 28 26 47 30
0 92 69 68 28 47 46 30
0 93 91 76 14 12 54 31
0 93 76 75 14 54 53 31
0 94 92 68 30 28 46 32
0 94 68 67 30 46 45 32
0 95 93 75 16 14 53 33
0 95 75 74 16 53 52 33
0 96 89 62 2 1 40 34
0 96 62 81 2 40 59 34
0 97 94 67 32 30 45 35
0 97 67 66 32 45 44 35
0 98 95 74 18 16 52 36
0 98 74 73 18 52 51 36
0 99 96 81 4 2 59 37
0 99 81 80 4 59 58 37
0 100 97 66 34 32 44 38
0 100 66 65 34 44 43 38
0 101 98 73 20 18 51 39
0 101 73 72 20 51 50 39
0 83 99 80 6 4 58 40
0 83 80 79 6 58 57 40
0 85 100 65 36 34 43 41
0 85 65 64 36 43 42 41
0 87 101 72 22 20 50 42
0 87 72 71 22 50 49 42

Materials: 1
"glass01"
0.200000 0.200000 0.200000 0.800000
1.000000 1.000000 1.000000 1.000000
0.000000 0.000000 0.000000 1.000000
0.000000 0.000000 0.000000 0.800000
0.000000
1.000000
"materials/glass_spheremap.png"
""

Bones: 0
GroupComments: 0
MaterialComments: 0
BoneComments: 0
ModelComment: 0
