// MilkShape 3D ASCII

Frames: 1
Frame: 1

Meshes: 1
"glass2" 0 0
40
0 -0.000000 -3.900001 -22.279400 1.000000 0.500000 -1
0 0.000000 1.040001 -17.215900 1.000000 0.000000 -1
0 5.320006 1.040001 -16.373295 0.950000 0.000000 -1
0 6.884714 -3.900001 -21.188969 0.950000 0.500000 -1
0 10.119252 1.040001 -13.927956 0.900000 0.000000 -1
0 13.095503 -3.900001 -18.024414 0.900000 0.500000 -1
0 13.927956 1.040001 -10.119252 0.850000 0.000000 -1
0 18.024414 -3.900001 -13.095503 0.850000 0.500000 -1
0 16.373295 1.040001 -5.320005 0.800000 0.000000 -1
0 21.188969 -3.900001 -6.884713 0.800000 0.500000 -1
0 17.215900 1.040001 0.000001 0.750000 0.000000 -1
0 22.279400 -3.900001 0.000001 0.750000 0.500000 -1
0 16.373295 1.040001 5.320006 0.700000 0.000000 -1
0 21.188969 -3.900001 6.884714 0.700000 0.500000 -1
0 13.927956 1.040001 10.119251 0.650000 0.000000 -1
0 18.024414 -3.900001 13.095502 0.650000 0.500000 -1
0 10.119251 1.040001 13.927958 0.600000 0.000000 -1
0 13.095502 -3.900001 18.024414 0.600000 0.500000 -1
0 5.320006 1.040001 16.373295 0.550000 0.000000 -1
0 6.884714 -3.900001 21.188969 0.550000 0.500000 -1
0 -0.000001 1.040001 17.215900 0.500000 0.000000 -1
0 -0.000002 -3.900001 22.279400 0.500000 0.500000 -1
0 -5.320005 1.040001 16.373295 0.450000 0.000000 -1
0 -6.884713 -3.900001 21.188969 0.450000 0.500000 -1
0 -10.119254 1.040001 13.927954 0.400000 0.000000 -1
0 -13.095505 -3.900001 18.024412 0.400000 0.500000 -1
0 -13.927958 1.040001 10.119249 0.350000 0.000000 -1
0 -18.024416 -3.900001 13.095498 0.350000 0.500000 -1
0 -16.373295 1.040001 5.320007 0.300000 0.000000 -1
0 -21.188969 -3.900001 6.884715 0.300000 0.500000 -1
0 -17.215900 1.040001 -0.000000 0.250000 0.000000 -1
0 -22.279400 -3.900001 -0.000000 0.250000 0.500000 -1
0 -16.373295 1.040001 -5.320008 0.200000 0.000000 -1
0 -21.188969 -3.900001 -6.884716 0.200000 0.500000 -1
0 -13.927958 1.040001 -10.119249 0.150000 0.000000 -1
0 -18.024416 -3.900001 -13.095498 0.150000 0.500000 -1
0 -10.119253 1.040001 -13.927954 0.100000 0.000000 -1
0 -13.095503 -3.900001 -18.024412 0.100000 0.500000 -1
0 -5.320004 1.040001 -16.373295 0.050000 0.000000 -1
0 -6.884712 -3.900001 -21.188969 0.050000 0.500000 -1
20
0.000000 0.715782 -0.698323
0.215794 0.715782 -0.664145
0.410465 0.715782 -0.564956
0.564956 0.715782 -0.410465
0.664145 0.715782 -0.215794
0.698324 0.715782 0.000000
0.664146 0.715782 0.215794
0.564956 0.715782 0.410464
0.410465 0.715782 0.564956
0.215794 0.715782 0.664146
0.000000 0.715782 0.698324
-0.215794 0.715782 0.664146
-0.410465 0.715782 0.564956
-0.564956 0.715782 0.410464
-0.664146 0.715782 0.215794
-0.698324 0.715782 0.000000
-0.664146 0.715782 -0.215794
-0.564956 0.715782 -0.410464
-0.410465 0.715782 -0.564956
-0.215794 0.715782 -0.664145
40
0 0 1 2 0 0 1 1
0 0 2 3 0 1 1 1
0 3 2 4 1 1 2 1
0 3 4 5 1 2 2 1
0 5 4 6 2 2 3 1
0 5 6 7 2 3 3 1
0 7 6 8 3 3 4 1
0 7 8 9 3 4 4 1
0 9 8 10 4 4 5 1
0 9 10 11 4 5 5 1
0 11 10 12 5 5 6 1
0 11 12 13 5 6 6 1
0 13 12 14 6 6 7 1
0 13 14 15 6 7 7 1
0 15 14 16 7 7 8 1
0 15 16 17 7 8 8 1
0 17 16 18 8 8 9 1
0 17 18 19 8 9 9 1
0 19 18 20 9 9 10 1
0 19 20 21 9 10 10 1
0 21 20 22 10 10 11 1
0 21 22 23 10 11 11 1
0 23 22 24 11 11 12 1
0 23 24 25 11 12 12 1
0 25 24 26 12 12 13 1
0 25 26 27 12 13 13 1
0 27 26 28 13 13 14 1
0 27 28 29 13 14 14 1
0 29 28 30 14 14 15 1
0 29 30 31 14 15 15 1
0 31 30 32 15 15 16 1
0 31 32 33 15 16 16 1
0 33 32 34 16 16 17 1
0 33 34 35 16 17 17 1
0 35 34 36 17 17 18 1
0 35 36 37 17 18 18 1
0 37 36 38 18 18 19 1
0 37 38 39 18 19 19 1
0 39 38 1 19 19 0 1
0 39 1 0 19 0 0 1

Materials: 1
"glass01"
0.200000 0.200000 0.200000 0.800000
1.000000 1.000000 1.000000 1.000000
0.000000 0.000000 0.000000 1.000000
0.000000 0.000000 0.000000 0.800000
0.000000
1.000000
"materials/glass_spheremap.png"
""

Bones: 0
GroupComments: 0
MaterialComments: 0
BoneComments: 0
ModelComment: 0
