// MilkShape 3D ASCII
// Converted using ms3dascii-export Blender plugin
// https://github.com/mikex5/ms3dascii-blender-addon
Frames: 1
Frame: 1

Meshes: 1
"Circle.001" 0 0
392
0 24.176880 5.721076 -71.875099 0.000000 -1.000000 -1
0 19.656002 3.641076 -69.781654 0.200000 -0.000000 -1
0 24.176880 3.641076 -71.875099 0.400000 -1.000000 -1
0 24.176880 5.721076 -59.895912 0.000000 -1.000000 -1
0 19.656002 3.641076 -58.151375 0.200000 -0.000000 -1
0 24.176880 3.641076 -59.895912 0.400000 -1.000000 -1
0 24.176880 5.721076 -47.916729 0.000000 -1.000000 -1
0 19.656002 3.641076 -46.521099 0.200000 -0.000000 -1
0 24.176880 3.641076 -47.916729 0.400000 -1.000000 -1
0 24.176880 5.721076 -35.937546 0.000000 -1.000000 -1
0 19.656002 3.641076 -34.890823 0.200000 -0.000000 -1
0 24.176880 3.641076 -35.937546 0.400000 -1.000000 -1
0 24.176880 5.721076 -23.958363 0.000000 -1.000000 -1
0 19.656002 3.641076 -23.260546 0.200000 -0.000000 -1
0 24.176880 3.641076 -23.958363 0.400000 -1.000000 -1
0 24.176880 5.721076 -11.979178 0.000000 -1.000000 -1
0 19.656002 3.641076 -11.630270 0.200000 -0.000000 -1
0 24.176880 3.641076 -11.979178 0.400000 -1.000000 -1
0 24.176880 5.721076 0.000006 0.000000 -1.000000 -1
0 19.656002 3.641076 0.000006 0.200000 -0.000000 -1
0 24.176880 3.641076 0.000006 0.400000 -1.000000 -1
0 24.176880 5.721076 11.979191 0.000000 -1.000000 -1
0 19.656002 3.641076 11.630283 0.200000 -0.000000 -1
0 24.176880 3.641076 11.979191 0.400000 -1.000000 -1
0 24.176880 5.721076 23.958374 0.000000 -1.000000 -1
0 19.656002 3.641076 23.260559 0.200000 -0.000000 -1
0 24.176880 3.641076 23.958374 0.400000 -1.000000 -1
0 24.176880 5.721076 35.937561 0.000000 -1.000000 -1
0 19.656002 3.641076 34.890835 0.200000 -0.000000 -1
0 24.176880 3.641076 35.937561 0.400000 -1.000000 -1
0 24.176880 5.721076 47.916744 0.000000 -1.000000 -1
0 19.656002 3.641076 46.521111 0.200000 -0.000000 -1
0 24.176880 3.641076 47.916744 0.400000 -1.000000 -1
0 24.176880 5.721076 -83.854279 0.000000 -1.000000 -1
0 19.656002 3.641076 -81.411926 0.200000 -0.000000 -1
0 24.176880 3.641076 -83.854279 0.400000 -1.000000 -1
0 24.176880 5.721076 -95.833466 0.000000 -1.000000 -1
0 19.656002 3.641076 -93.042206 0.200000 -0.000000 -1
0 24.176880 3.641076 -95.833466 0.400000 -1.000000 -1
0 24.176880 5.721076 -107.812645 0.000000 -1.000000 -1
0 19.656002 3.641076 -104.672478 0.200000 -0.000000 -1
0 24.176880 3.641076 -107.812645 0.400000 -1.000000 -1
0 24.176880 5.721076 59.895927 0.000000 -1.000000 -1
0 19.656002 3.641076 58.151386 0.200000 -0.000000 -1
0 24.176880 3.641076 59.895927 0.400000 -1.000000 -1
0 24.176880 5.721076 71.875114 0.000000 -1.000000 -1
0 19.656002 3.641076 69.781662 0.200000 -0.000000 -1
0 24.176880 3.641076 71.875114 0.400000 -1.000000 -1
0 24.176880 5.721076 83.854294 0.000000 -1.000000 -1
0 19.656002 3.641076 81.411942 0.200000 -0.000000 -1
0 24.176880 3.641076 83.854294 0.400000 -1.000000 -1
0 -24.176880 5.721076 -11.979178 0.000000 -1.000000 -1
0 -19.656002 3.641076 -11.630270 0.200000 -0.000000 -1
0 -24.176880 3.641076 -11.979178 0.400000 -1.000000 -1
0 -24.176880 5.721076 -23.958363 0.000000 -1.000000 -1
0 -19.656002 3.641076 -23.260546 0.200000 -0.000000 -1
0 -24.176880 3.641076 -23.958363 0.400000 -1.000000 -1
0 -24.176880 5.721076 -35.937546 0.000000 -1.000000 -1
0 -19.656002 3.641076 -34.890823 0.200000 -0.000000 -1
0 -24.176880 3.641076 -35.937546 0.400000 -1.000000 -1
0 -24.176880 5.721076 -47.916729 0.000000 -1.000000 -1
0 -19.656002 3.641076 -46.521099 0.200000 -0.000000 -1
0 -24.176880 3.641076 -47.916729 0.400000 -1.000000 -1
0 -24.176880 5.721076 -59.895912 0.000000 -1.000000 -1
0 -19.656002 3.641076 -58.151375 0.200000 -0.000000 -1
0 -24.176880 3.641076 -59.895912 0.400000 -1.000000 -1
0 -24.176880 5.721076 -71.875099 0.000000 -1.000000 -1
0 -19.656002 3.641076 -69.781654 0.200000 -0.000000 -1
0 -24.176880 3.641076 -71.875099 0.400000 -1.000000 -1
0 -24.176880 5.721076 -83.854279 0.000000 -1.000000 -1
0 -19.656002 3.641076 -81.411926 0.200000 -0.000000 -1
0 -24.176880 3.641076 -83.854279 0.400000 -1.000000 -1
0 -24.176880 5.721076 -95.833466 0.000000 -1.000000 -1
0 -19.656002 3.641076 -93.042206 0.200000 -0.000000 -1
0 -24.176880 3.641076 -95.833466 0.400000 -1.000000 -1
0 -24.176880 5.721076 -107.812645 0.000000 -1.000000 -1
0 -19.656002 3.641076 -104.672478 0.200000 -0.000000 -1
0 -24.176880 3.641076 -107.812645 0.400000 -1.000000 -1
0 -24.176880 5.721076 -119.791840 0.000000 -1.000000 -1
0 -19.656002 3.641076 -116.302765 0.200000 -0.000000 -1
0 -24.176880 3.641076 -119.791840 0.400000 -1.000000 -1
0 24.176880 5.721076 -119.791840 0.000000 -1.000000 -1
0 19.656002 3.641076 -116.302765 0.200000 -0.000000 -1
0 24.176880 3.641076 -119.791840 0.400000 -1.000000 -1
0 24.176880 5.721076 -131.771027 0.000000 -1.000000 -1
0 19.656002 3.641076 -127.933044 0.200000 -0.000000 -1
0 24.176880 3.641076 -131.771027 0.400000 -1.000000 -1
0 22.993582 5.721076 -138.027298 0.000000 -1.000000 -1
0 18.693970 3.641076 -134.007080 0.200000 -0.000000 -1
0 22.993582 3.641076 -138.027298 0.400000 -1.000000 -1
0 19.559507 5.721076 -143.671143 0.000000 -1.000000 -1
0 15.902040 3.641076 -139.486542 0.200000 -0.000000 -1
0 19.559507 3.641076 -143.671143 0.400000 -1.000000 -1
0 14.210814 5.721076 -148.150116 0.000000 -1.000000 -1
0 11.553509 3.641076 -143.835083 0.200000 -0.000000 -1
0 14.210814 3.641076 -148.150116 0.400000 -1.000000 -1
0 7.471067 5.721076 -151.025833 0.000000 -1.000000 -1
0 6.074039 3.641076 -146.627029 0.200000 -0.000000 -1
0 7.471067 3.641076 -151.025833 0.400000 -1.000000 -1
0 -0.000001 3.641076 -152.016708 0.000000 -1.000000 -1
0 -0.000001 3.641076 -147.589050 0.200000 -0.000000 -1
0 -0.000001 5.721076 -152.016708 0.400000 -1.000000 -1
0 -7.471066 5.721076 -151.025833 0.000000 -1.000000 -1
0 -6.074039 3.641076 -146.627029 0.200000 -0.000000 -1
0 -7.471066 3.641076 -151.025833 0.400000 -1.000000 -1
0 -14.210811 5.721076 -148.150116 0.000000 -1.000000 -1
0 -11.553506 3.641076 -143.835083 0.200000 -0.000000 -1
0 -14.210811 3.641076 -148.150116 0.400000 -1.000000 -1
0 -19.559509 5.721076 -143.671143 0.000000 -1.000000 -1
0 -15.902041 3.641076 -139.486542 0.200000 -0.000000 -1
0 -19.559509 3.641076 -143.671143 0.400000 -1.000000 -1
0 -22.993580 5.721076 -138.027298 0.000000 -1.000000 -1
0 -18.693968 3.641076 -134.007080 0.200000 -0.000000 -1
0 -22.993580 3.641076 -138.027298 0.400000 -1.000000 -1
0 -24.176880 5.721076 -131.771027 0.000000 -1.000000 -1
0 -19.656002 3.641076 -127.933044 0.200000 -0.000000 -1
0 -24.176880 3.641076 -131.771027 0.400000 -1.000000 -1
0 -24.176880 5.721076 0.000006 0.000000 -1.000000 -1
0 -19.656002 3.641076 0.000006 0.200000 -0.000000 -1
0 -24.176880 3.641076 0.000006 0.400000 -1.000000 -1
0 -24.176880 5.721076 11.979191 0.000000 -1.000000 -1
0 -19.656002 3.641076 11.630283 0.200000 -0.000000 -1
0 -24.176880 3.641076 11.979191 0.400000 -1.000000 -1
0 -24.176880 5.721076 23.958374 0.000000 -1.000000 -1
0 -19.656002 3.641076 23.260559 0.200000 -0.000000 -1
0 -24.176880 3.641076 23.958374 0.400000 -1.000000 -1
0 -24.176880 5.721076 35.937561 0.000000 -1.000000 -1
0 -19.656002 3.641076 34.890835 0.200000 -0.000000 -1
0 -24.176880 3.641076 35.937561 0.400000 -1.000000 -1
0 -24.176880 5.721076 47.916744 0.000000 -1.000000 -1
0 -19.656002 3.641076 46.521111 0.200000 -0.000000 -1
0 -24.176880 3.641076 47.916744 0.400000 -1.000000 -1
0 -24.176880 5.721076 59.895927 0.000000 -1.000000 -1
0 -19.656002 3.641076 58.151386 0.200000 -0.000000 -1
0 -24.176880 3.641076 59.895927 0.400000 -1.000000 -1
0 -24.176880 5.721076 71.875114 0.000000 -1.000000 -1
0 -19.656002 3.641076 69.781662 0.200000 -0.000000 -1
0 -24.176880 3.641076 71.875114 0.400000 -1.000000 -1
0 -24.176880 5.721076 83.854294 0.000000 -1.000000 -1
0 -19.656002 3.641076 81.411942 0.200000 -0.000000 -1
0 -24.176880 3.641076 83.854294 0.400000 -1.000000 -1
0 24.176880 5.721076 95.833481 0.000000 -1.000000 -1
0 19.656002 3.641076 93.042213 0.200000 -0.000000 -1
0 24.176880 3.641076 95.833481 0.400000 -1.000000 -1
0 24.176880 5.721076 107.812660 0.000000 -1.000000 -1
0 19.656002 3.641076 104.672493 0.200000 -0.000000 -1
0 24.176880 3.641076 107.812660 0.400000 -1.000000 -1
0 -24.176880 5.721076 95.833481 0.000000 -1.000000 -1
0 -19.656002 3.641076 93.042213 0.200000 -0.000000 -1
0 -24.176880 3.641076 95.833481 0.400000 -1.000000 -1
0 -24.176880 5.721076 107.812660 0.000000 -1.000000 -1
0 -19.656002 3.641076 104.672493 0.200000 -0.000000 -1
0 -24.176880 3.641076 107.812660 0.400000 -1.000000 -1
0 -24.176880 5.721076 119.791855 0.000000 -1.000000 -1
0 -19.656002 3.641076 116.302773 0.200000 -0.000000 -1
0 -24.176880 3.641076 119.791855 0.400000 -1.000000 -1
0 24.176880 5.721076 119.791855 0.000000 -1.000000 -1
0 19.656002 3.641076 116.302773 0.200000 -0.000000 -1
0 24.176880 3.641076 119.791855 0.400000 -1.000000 -1
0 24.176880 5.721076 131.771027 0.000000 -1.000000 -1
0 19.656002 3.641076 127.933044 0.200000 -0.000000 -1
0 24.176880 3.641076 131.771027 0.400000 -1.000000 -1
0 22.993582 5.721076 138.027298 0.000000 -1.000000 -1
0 18.693970 3.641076 134.007080 0.200000 -0.000000 -1
0 22.993582 3.641076 138.027298 0.400000 -1.000000 -1
0 19.559507 5.721076 143.671143 0.000000 -1.000000 -1
0 15.902040 3.641076 139.486542 0.200000 -0.000000 -1
0 19.559507 3.641076 143.671143 0.400000 -1.000000 -1
0 14.210814 5.721076 148.150116 0.000000 -1.000000 -1
0 11.553509 3.641076 143.835083 0.200000 -0.000000 -1
0 14.210814 3.641076 148.150116 0.400000 -1.000000 -1
0 7.471067 5.721076 151.025833 0.000000 -1.000000 -1
0 6.074039 3.641076 146.627029 0.200000 -0.000000 -1
0 7.471067 3.641076 151.025833 0.400000 -1.000000 -1
0 -0.000001 3.641076 152.016708 0.000000 -1.000000 -1
0 -0.000001 3.641076 147.589050 0.200000 -0.000000 -1
0 -0.000001 5.721076 152.016708 0.400000 -1.000000 -1
0 -7.471066 5.721076 151.025833 0.000000 -1.000000 -1
0 -6.074039 3.641076 146.627029 0.200000 -0.000000 -1
0 -7.471066 3.641076 151.025833 0.400000 -1.000000 -1
0 -14.210811 5.721076 148.150116 0.000000 -1.000000 -1
0 -11.553506 3.641076 143.835083 0.200000 -0.000000 -1
0 -14.210811 3.641076 148.150116 0.400000 -1.000000 -1
0 -19.559509 5.721076 143.671143 0.000000 -1.000000 -1
0 -15.902041 3.641076 139.486542 0.200000 -0.000000 -1
0 -19.559509 3.641076 143.671143 0.400000 -1.000000 -1
0 -22.993580 5.721076 138.027298 0.000000 -1.000000 -1
0 -18.693968 3.641076 134.007080 0.200000 -0.000000 -1
0 -22.993580 3.641076 138.027298 0.400000 -1.000000 -1
0 -24.176880 5.721076 131.771027 0.000000 -1.000000 -1
0 -19.656002 3.641076 127.933044 0.200000 -0.000000 -1
0 -24.176880 3.641076 131.771027 0.400000 -1.000000 -1
0 -18.693968 3.641076 134.007080 0.000000 -0.000000 -1
0 -22.993580 3.641076 138.027298 0.000000 -1.000000 -1
0 -24.176880 3.641076 131.771027 0.200000 -1.000000 -1
0 -19.656002 3.641076 127.933044 0.200000 -0.000000 -1
0 -19.559509 3.641076 143.671143 0.200000 -1.000000 -1
0 -11.553506 3.641076 143.835083 0.000000 -0.000000 -1
0 -14.210811 3.641076 148.150116 0.000000 -1.000000 -1
0 -7.471066 3.641076 151.025833 0.200000 -1.000000 -1
0 -0.000001 3.641076 147.589050 0.000000 -0.000000 -1
0 7.471067 3.641076 151.025833 0.200000 -1.000000 -1
0 11.553509 3.641076 143.835083 0.000000 -0.000000 -1
0 14.210814 3.641076 148.150116 0.000000 -1.000000 -1
0 19.559507 3.641076 143.671143 0.200000 -1.000000 -1
0 18.693970 3.641076 134.007080 0.000000 -0.000000 -1
0 22.993582 3.641076 138.027298 0.000000 -1.000000 -1
0 24.176880 3.641076 131.771027 0.200000 -1.000000 -1
0 24.176880 3.641076 119.791855 0.000000 -1.000000 -1
0 19.656002 3.641076 116.302773 0.000000 -0.000000 -1
0 24.176880 3.641076 107.812660 0.200000 -1.000000 -1
0 24.176880 3.641076 95.833481 0.000000 -1.000000 -1
0 19.656002 3.641076 93.042213 0.000000 -0.000000 -1
0 24.176880 3.641076 83.854294 0.200000 -1.000000 -1
0 24.176880 3.641076 71.875114 0.000000 -1.000000 -1
0 19.656002 3.641076 69.781662 0.000000 -0.000000 -1
0 24.176880 3.641076 59.895927 0.200000 -1.000000 -1
0 24.176880 3.641076 47.916744 0.000000 -1.000000 -1
0 19.656002 3.641076 46.521111 0.000000 -0.000000 -1
0 24.176880 3.641076 35.937561 0.200000 -1.000000 -1
0 19.656002 3.641076 34.890835 0.200000 -0.000000 -1
0 24.176880 3.641076 23.958374 0.000000 -1.000000 -1
0 19.656002 3.641076 23.260559 0.000000 -0.000000 -1
0 24.176880 3.641076 11.979191 0.200000 -1.000000 -1
0 24.176880 3.641076 0.000006 0.000000 -1.000000 -1
0 19.656002 3.641076 0.000006 0.000000 -0.000000 -1
0 24.176880 3.641076 -11.979178 0.200000 -1.000000 -1
0 24.176880 3.641076 -23.958363 0.000000 -1.000000 -1
0 19.656002 3.641076 -23.260546 0.000000 -0.000000 -1
0 24.176880 3.641076 -35.937546 0.200000 -1.000000 -1
0 24.176880 3.641076 -47.916729 0.000000 -1.000000 -1
0 19.656002 3.641076 -46.521099 0.000000 -0.000000 -1
0 24.176880 3.641076 -59.895912 0.200000 -1.000000 -1
0 24.176880 3.641076 -71.875099 0.000000 -1.000000 -1
0 19.656002 3.641076 -69.781654 0.000000 -0.000000 -1
0 24.176880 3.641076 -83.854279 0.200000 -1.000000 -1
0 19.656002 3.641076 -81.411926 0.200000 -0.000000 -1
0 24.176880 3.641076 -95.833466 0.000000 -1.000000 -1
0 19.656002 3.641076 -93.042206 0.000000 -0.000000 -1
0 24.176880 3.641076 -107.812645 0.200000 -1.000000 -1
0 24.176880 3.641076 -119.791840 0.000000 -1.000000 -1
0 19.656002 3.641076 -116.302765 0.000000 -0.000000 -1
0 24.176880 3.641076 -131.771027 0.200000 -1.000000 -1
0 22.993582 3.641076 -138.027298 0.000000 -1.000000 -1
0 18.693970 3.641076 -134.007080 0.000000 -0.000000 -1
0 19.559507 3.641076 -143.671143 0.200000 -1.000000 -1
0 14.210814 3.641076 -148.150116 0.000000 -1.000000 -1
0 11.553509 3.641076 -143.835083 0.000000 -0.000000 -1
0 7.471067 3.641076 -151.025833 0.200000 -1.000000 -1
0 -0.000001 3.641076 -147.589050 0.000000 -0.000000 -1
0 -7.471066 3.641076 -151.025833 0.200000 -1.000000 -1
0 -14.210811 3.641076 -148.150116 0.000000 -1.000000 -1
0 -11.553506 3.641076 -143.835083 0.000000 -0.000000 -1
0 -19.559509 3.641076 -143.671143 0.200000 -1.000000 -1
0 -15.902041 3.641076 -139.486542 0.200000 -0.000000 -1
0 -22.993580 3.641076 -138.027298 0.000000 -1.000000 -1
0 -18.693968 3.641076 -134.007080 0.000000 -0.000000 -1
0 -24.176880 3.641076 -131.771027 0.200000 -1.000000 -1
0 -24.176880 3.641076 -119.791840 0.000000 -1.000000 -1
0 -19.656002 3.641076 -116.302765 0.000000 -0.000000 -1
0 -24.176880 3.641076 -107.812645 0.200000 -1.000000 -1
0 -24.176880 3.641076 -95.833466 0.000000 -1.000000 -1
0 -19.656002 3.641076 -93.042206 0.000000 -0.000000 -1
0 -24.176880 3.641076 -83.854279 0.200000 -1.000000 -1
0 -24.176880 3.641076 -71.875099 0.000000 -1.000000 -1
0 -19.656002 3.641076 -69.781654 0.000000 -0.000000 -1
0 -24.176880 3.641076 -59.895912 0.200000 -1.000000 -1
0 -24.176880 3.641076 -47.916729 0.000000 -1.000000 -1
0 -19.656002 3.641076 -46.521099 0.000000 -0.000000 -1
0 -24.176880 3.641076 -35.937546 0.200000 -1.000000 -1
0 -24.176880 3.641076 -23.958363 0.000000 -1.000000 -1
0 -19.656002 3.641076 -23.260546 0.000000 -0.000000 -1
0 -24.176880 3.641076 -11.979178 0.200000 -1.000000 -1
0 -24.176880 3.641076 0.000006 0.000000 -1.000000 -1
0 -19.656002 3.641076 0.000006 0.000000 -0.000000 -1
0 -24.176880 3.641076 11.979191 0.200000 -1.000000 -1
0 -24.176880 3.641076 23.958374 0.000000 -1.000000 -1
0 -19.656002 3.641076 23.260559 0.000000 -0.000000 -1
0 -24.176880 3.641076 35.937561 0.200000 -1.000000 -1
0 -19.656002 3.641076 34.890835 0.200000 -0.000000 -1
0 -24.176880 3.641076 47.916744 0.000000 -1.000000 -1
0 -19.656002 3.641076 46.521111 0.000000 -0.000000 -1
0 -24.176880 3.641076 59.895927 0.200000 -1.000000 -1
0 -24.176880 3.641076 71.875114 0.000000 -1.000000 -1
0 -19.656002 3.641076 69.781662 0.000000 -0.000000 -1
0 -24.176880 3.641076 83.854294 0.200000 -1.000000 -1
0 -24.176880 3.641076 95.833481 0.000000 -1.000000 -1
0 -19.656002 3.641076 93.042213 0.000000 -0.000000 -1
0 -24.176880 3.641076 107.812660 0.200000 -1.000000 -1
0 -24.176880 3.641076 119.791855 0.000000 -1.000000 -1
0 -19.656002 3.641076 116.302773 0.000000 -0.000000 -1
0 -19.656002 3.641076 116.302773 0.400000 -0.000000 -1
0 -24.176880 5.721076 119.791855 0.400000 -1.000000 -1
0 -24.176880 5.721076 131.771027 0.200000 -1.000000 -1
0 -22.993580 5.721076 138.027298 0.400000 -1.000000 -1
0 -18.693968 3.641076 134.007080 0.400000 -0.000000 -1
0 -19.559509 5.721076 143.671143 0.200000 -1.000000 -1
0 -14.210811 5.721076 148.150116 0.400000 -1.000000 -1
0 -11.553506 3.641076 143.835083 0.400000 -0.000000 -1
0 -7.471066 5.721076 151.025833 0.200000 -1.000000 -1
0 -0.000001 3.641076 147.589050 0.400000 -0.000000 -1
0 7.471067 5.721076 151.025833 0.200000 -1.000000 -1
0 14.210814 5.721076 148.150116 0.400000 -1.000000 -1
0 11.553509 3.641076 143.835083 0.400000 -0.000000 -1
0 19.559507 5.721076 143.671143 0.200000 -1.000000 -1
0 22.993582 5.721076 138.027298 0.400000 -1.000000 -1
0 18.693970 3.641076 134.007080 0.400000 -0.000000 -1
0 24.176880 5.721076 131.771027 0.200000 -1.000000 -1
0 19.656002 3.641076 116.302773 0.400000 -0.000000 -1
0 24.176880 5.721076 119.791855 0.400000 -1.000000 -1
0 24.176880 5.721076 107.812660 0.200000 -1.000000 -1
0 19.656002 3.641076 93.042213 0.400000 -0.000000 -1
0 24.176880 5.721076 95.833481 0.400000 -1.000000 -1
0 24.176880 5.721076 83.854294 0.200000 -1.000000 -1
0 19.656002 3.641076 69.781662 0.400000 -0.000000 -1
0 24.176880 5.721076 71.875114 0.400000 -1.000000 -1
0 24.176880 5.721076 59.895927 0.200000 -1.000000 -1
0 19.656002 3.641076 46.521111 0.400000 -0.000000 -1
0 24.176880 5.721076 47.916744 0.400000 -1.000000 -1
0 24.176880 5.721076 35.937561 0.200000 -1.000000 -1
0 19.656002 3.641076 23.260559 0.399614 -0.000000 -1
0 24.176880 5.721076 23.958374 0.400000 -1.000000 -1
0 24.176880 5.721076 11.979191 0.200000 -1.000000 -1
0 19.656002 3.641076 0.000006 0.400000 -0.000000 -1
0 24.176880 5.721076 0.000006 0.400000 -1.000000 -1
0 19.656002 3.641076 -11.630270 0.200000 -0.000000 -1
0 24.176880 5.721076 -11.979178 0.200000 -1.000000 -1
0 19.656002 3.641076 -23.260546 0.400000 -0.000000 -1
0 24.176880 5.721076 -23.958363 0.400000 -1.000000 -1
0 24.176880 5.721076 -35.937546 0.200000 -1.000000 -1
0 19.656002 3.641076 -46.521099 0.400000 -0.000000 -1
0 24.176880 5.721076 -47.916729 0.400000 -1.000000 -1
0 24.176880 5.721076 -59.895912 0.200000 -1.000000 -1
0 19.656002 3.641076 -69.781654 0.400000 -0.000000 -1
0 24.176880 5.721076 -71.875099 0.400000 -1.000000 -1
0 24.176880 5.721076 -83.854279 0.200000 -1.000000 -1
0 19.656002 3.641076 -93.042206 0.400000 -0.000000 -1
0 24.176880 5.721076 -95.833466 0.400000 -1.000000 -1
0 19.656002 3.641076 -104.672478 0.200000 -0.000000 -1
0 24.176880 5.721076 -107.812645 0.200000 -1.000000 -1
0 19.656002 3.641076 -116.302765 0.400000 -0.000000 -1
0 24.176880 5.721076 -119.791840 0.400000 -1.000000 -1
0 24.176880 5.721076 -131.771027 0.200000 -1.000000 -1
0 18.693970 3.641076 -134.007080 0.400000 -0.000000 -1
0 22.993582 5.721076 -138.027298 0.400000 -1.000000 -1
0 19.559507 5.721076 -143.671143 0.200000 -1.000000 -1
0 11.553509 3.641076 -143.835083 0.400000 -0.000000 -1
0 14.210814 5.721076 -148.150116 0.400000 -1.000000 -1
0 6.074039 3.641076 -146.627029 0.200000 -0.000000 -1
0 7.471067 5.721076 -151.025833 0.200000 -1.000000 -1
0 -0.000001 3.641076 -147.589050 0.400000 -0.000000 -1
0 -6.074039 3.641076 -146.627029 0.200000 -0.000000 -1
0 -7.471066 5.721076 -151.025833 0.200000 -1.000000 -1
0 -11.553506 3.641076 -143.835083 0.400000 -0.000000 -1
0 -14.210811 5.721076 -148.150116 0.400000 -1.000000 -1
0 -19.559509 5.721076 -143.671143 0.200000 -1.000000 -1
0 -18.693968 3.641076 -134.007080 0.400000 -0.000000 -1
0 -22.993580 5.721076 -138.027298 0.400000 -1.000000 -1
0 -19.656002 3.641076 -127.933044 0.200000 -0.000000 -1
0 -24.176880 5.721076 -131.771027 0.200000 -1.000000 -1
0 -19.656002 3.641076 -116.302765 0.400000 -0.000000 -1
0 -24.176880 5.721076 -119.791840 0.400000 -1.000000 -1
0 -19.656002 3.641076 -104.672478 0.200000 -0.000000 -1
0 -24.176880 5.721076 -107.812645 0.200000 -1.000000 -1
0 -19.656002 3.641076 -93.042206 0.400000 -0.000000 -1
0 -24.176880 5.721076 -95.833466 0.400000 -1.000000 -1
0 -24.176880 5.721076 -83.854279 0.200000 -1.000000 -1
0 -19.656002 3.641076 -69.781654 0.400000 -0.000000 -1
0 -24.176880 5.721076 -71.875099 0.400000 -1.000000 -1
0 -24.176880 5.721076 -59.895912 0.200000 -1.000000 -1
0 -19.656002 3.641076 -46.521099 0.400000 -0.000000 -1
0 -24.176880 5.721076 -47.916729 0.400000 -1.000000 -1
0 -19.656002 3.641076 -34.890823 0.200000 -0.000000 -1
0 -24.176880 5.721076 -35.937546 0.200000 -1.000000 -1
0 -19.656002 3.641076 -23.260546 0.400000 -0.000000 -1
0 -24.176880 5.721076 -23.958363 0.400000 -1.000000 -1
0 -24.176880 5.721076 -11.979178 0.200000 -1.000000 -1
0 -19.656002 3.641076 0.000006 0.400000 -0.000000 -1
0 -24.176880 5.721076 0.000006 0.400000 -1.000000 -1
0 -24.176880 5.721076 11.979191 0.200000 -1.000000 -1
0 -19.656002 3.641076 23.260559 0.400000 -0.000000 -1
0 -24.176880 5.721076 23.958374 0.400000 -1.000000 -1
0 -24.176880 5.721076 35.937561 0.200000 -1.000000 -1
0 -19.656002 3.641076 46.521111 0.400000 -0.000000 -1
0 -24.176880 5.721076 47.916744 0.400000 -1.000000 -1
0 -24.176880 5.721076 59.895927 0.200000 -1.000000 -1
0 -19.656002 3.641076 69.781662 0.400000 -0.000000 -1
0 -24.176880 5.721076 71.875114 0.400000 -1.000000 -1
0 -24.176880 5.721076 83.854294 0.200000 -1.000000 -1
0 -19.656002 3.641076 93.042213 0.400000 -0.000000 -1
0 -24.176880 5.721076 95.833481 0.400000 -1.000000 -1
0 -24.176880 5.721076 107.812660 0.200000 -1.000000 -1
99
0.420197 0.000000 0.907433
0.360010 0.000000 0.932948
0.294972 0.000000 0.955506
0.225564 0.000000 0.974228
0.152548 0.000000 0.988296
0.076948 0.000000 0.997035
-0.000000 0.000000 1.000000
-0.076948 0.000000 0.997035
-0.152547 0.000000 0.988296
-0.225565 0.000000 0.974228
-0.294973 0.000000 0.955506
0.475311 0.000000 0.879818
0.525350 0.000000 0.850886
0.570478 0.000000 0.821313
-0.360011 0.000000 0.932948
-0.420199 0.000000 0.907432
-0.475311 0.000000 0.879818
0.076948 0.000000 -0.997035
0.152548 0.000000 -0.988296
0.225564 0.000000 -0.974228
0.294972 0.000000 -0.955506
0.360010 0.000000 -0.932948
0.420197 0.000000 -0.907433
0.475311 0.000000 -0.879818
0.525350 0.000000 -0.850886
0.570478 0.000000 -0.821313
0.610973 0.000000 -0.791652
0.610973 0.000000 0.791652
0.647182 0.000000 0.762336
0.682976 0.000000 0.730441
0.752938 0.000000 0.658091
0.851491 0.000000 0.524369
0.953088 0.000000 0.302694
-1.000000 0.000000 0.000000
0.953088 0.000000 -0.302694
0.851491 0.000000 -0.524369
0.752938 0.000000 -0.658091
0.682976 0.000000 -0.730441
0.647182 0.000000 -0.762336
-0.000000 0.000000 -1.000000
-0.076948 0.000000 -0.997035
-0.152547 0.000000 -0.988296
-0.225565 0.000000 -0.974228
-0.294973 0.000000 -0.955506
-0.360011 0.000000 -0.932948
-0.420199 0.000000 -0.907432
-0.475311 0.000000 -0.879818
-0.525351 0.000000 0.850885
-0.570478 0.000000 0.821313
-0.525351 0.000000 -0.850885
-0.570478 0.000000 -0.821313
-0.610973 0.000000 -0.791651
-0.610973 0.000000 0.791651
-0.647182 0.000000 0.762336
-0.682976 0.000000 0.730441
-0.752938 0.000000 0.658091
-0.851491 0.000000 0.524369
-0.953088 0.000000 0.302694
1.000000 0.000000 0.000000
-0.953088 0.000000 -0.302694
-0.851491 0.000000 -0.524369
-0.752938 0.000000 -0.658091
-0.682976 0.000000 -0.730441
-0.647182 0.000000 -0.762336
0.000000 -1.000000 0.000000
-0.000000 -1.000000 0.000000
0.000000 1.000000 0.000000
0.000000 1.000000 0.000000
0.417971 0.908460 0.000000
0.377218 0.923796 -0.065632
0.309881 0.934821 -0.173448
0.247213 0.930127 -0.271569
0.167143 0.917719 -0.360353
0.060229 0.906567 -0.417741
-0.060229 0.906568 -0.417741
-0.167143 0.917719 -0.360353
-0.247213 0.930127 -0.271569
-0.309880 0.934821 -0.173448
-0.377218 0.923796 -0.065632
0.417971 -0.908460 0.000000
0.417971 -0.908460 0.000000
0.417971 -0.908460 0.000000
0.417971 -0.908460 0.000000
0.417971 -0.908460 0.000000
0.377218 -0.923796 -0.065632
0.309880 -0.934821 -0.173448
0.247213 -0.930127 -0.271569
0.167143 -0.917719 -0.360353
0.060229 -0.906568 -0.417741
-0.060229 -0.906567 -0.417741
-0.167143 -0.917719 -0.360353
-0.247213 -0.930127 -0.271569
-0.309881 -0.934821 -0.173448
-0.377218 -0.923796 -0.065632
-0.417971 -0.908460 0.000000
-0.417971 -0.908460 0.000000
-0.417971 -0.908460 0.000000
-0.417971 -0.908460 0.000000
-0.417971 -0.908460 0.000000
320
0 0 1 2 0 0 0 1
0 3 4 5 1 1 1 2
0 6 7 8 2 2 2 3
0 9 10 11 3 3 3 4
0 12 13 14 4 4 4 5
0 15 16 17 5 5 5 6
0 18 19 20 6 6 6 7
0 21 22 23 7 7 7 8
0 24 25 26 8 8 8 9
0 27 28 29 9 9 9 10
0 30 31 32 10 10 10 11
0 33 34 35 11 11 11 12
0 36 37 38 12 12 12 13
0 39 40 41 13 13 13 14
0 42 43 44 14 14 14 15
0 45 46 47 15 15 15 16
0 48 49 50 16 16 16 17
0 51 52 53 17 17 17 18
0 54 55 56 18 18 18 19
0 57 58 59 19 19 19 20
0 60 61 62 20 20 20 21
0 63 64 65 21 21 21 22
0 66 67 68 22 22 22 23
0 69 70 71 23 23 23 24
0 72 73 74 24 24 24 25
0 75 76 77 25 25 25 26
0 78 79 80 26 26 26 27
0 81 82 83 27 27 27 28
0 84 85 86 28 28 28 29
0 87 88 89 29 29 29 30
0 90 91 92 30 30 30 31
0 93 94 95 31 31 31 32
0 96 97 98 32 32 32 33
0 99 100 101 33 33 33 34
0 102 103 104 34 34 34 35
0 105 106 107 35 35 35 36
0 108 109 110 36 36 36 37
0 111 112 113 37 37 37 38
0 114 115 116 38 38 38 39
0 117 118 119 39 39 39 40
0 120 121 122 40 40 40 41
0 123 124 125 41 41 41 42
0 126 127 128 42 42 42 43
0 129 130 131 43 43 43 44
0 132 133 134 44 44 44 45
0 135 136 137 45 45 45 46
0 138 139 140 46 46 46 47
0 141 142 143 47 47 47 48
0 144 145 146 48 48 48 49
0 147 148 149 49 49 49 50
0 150 151 152 50 50 50 51
0 153 154 155 51 51 51 52
0 156 157 158 52 52 52 53
0 159 160 161 53 53 53 54
0 162 163 164 54 54 54 55
0 165 166 167 55 55 55 56
0 168 169 170 56 56 56 57
0 171 172 173 57 57 57 58
0 174 175 176 58 58 58 59
0 177 178 179 59 59 59 60
0 180 181 182 60 60 60 61
0 183 184 185 61 61 61 62
0 186 187 188 62 62 62 63
0 189 190 191 63 63 63 64
0 192 193 194 64 64 64 65
0 192 194 195 64 64 64 65
0 193 192 184 64 64 64 66
0 193 184 196 64 64 64 66
0 196 184 197 64 64 64 67
0 196 197 198 64 64 64 67
0 198 197 178 64 64 64 68
0 198 178 199 64 64 64 68
0 199 178 200 65 65 65 69
0 199 200 174 65 65 65 69
0 174 200 172 64 64 64 70
0 174 172 201 64 64 64 70
0 201 172 202 64 64 64 71
0 201 202 203 64 64 64 71
0 203 202 166 64 64 64 72
0 203 166 204 64 64 64 72
0 204 166 205 64 64 64 73
0 204 205 206 64 64 64 73
0 206 205 160 64 64 64 74
0 206 160 207 64 64 64 74
0 208 209 160 66 66 66 75
0 208 160 207 66 66 66 75
0 210 145 209 66 66 66 76
0 210 209 208 66 66 66 76
0 211 212 145 67 67 67 77
0 211 145 210 67 67 67 77
0 213 49 212 66 66 66 78
0 213 212 211 66 66 66 78
0 214 215 49 66 66 66 79
0 214 49 213 66 66 66 79
0 216 43 215 66 66 66 80
0 216 215 214 66 66 66 80
0 217 218 43 67 67 67 81
0 217 43 216 67 67 67 81
0 219 220 218 66 66 66 82
0 219 218 217 66 66 66 82
0 221 222 220 66 66 66 83
0 221 220 219 66 66 66 83
0 223 22 222 67 67 67 84
0 223 222 221 67 67 67 84
0 224 225 22 66 66 66 85
0 224 22 223 66 66 66 85
0 226 16 225 66 66 66 86
0 226 225 224 66 66 66 86
0 227 228 16 66 66 66 87
0 227 16 226 66 66 66 87
0 229 10 228 66 66 66 88
0 229 228 227 66 66 66 88
0 230 231 10 67 67 67 89
0 230 10 229 67 67 67 89
0 232 4 231 66 66 66 90
0 232 231 230 66 66 66 90
0 233 234 4 66 66 66 91
0 233 4 232 66 66 66 91
0 235 236 234 66 66 66 92
0 235 234 233 66 66 66 92
0 237 238 236 66 66 66 93
0 237 236 235 66 66 66 93
0 239 40 238 66 66 66 94
0 239 238 237 66 66 66 94
0 240 241 40 66 66 66 95
0 240 40 239 66 66 66 95
0 242 85 241 66 66 66 96
0 242 241 240 66 66 66 96
0 243 244 85 66 66 66 97
0 243 85 242 66 66 66 97
0 245 91 244 66 66 66 98
0 245 244 243 66 66 66 98
0 246 247 91 66 66 66 99
0 246 91 245 66 66 66 99
0 248 97 247 66 66 66 100
0 248 247 246 66 66 66 100
0 99 249 97 66 66 66 101
0 99 97 248 66 66 66 101
0 250 103 249 67 67 67 102
0 250 249 99 67 67 67 102
0 251 252 103 66 66 66 103
0 251 103 250 66 66 66 103
0 253 254 252 66 66 66 104
0 253 252 251 66 66 66 104
0 255 256 254 66 66 66 105
0 255 254 253 66 66 66 105
0 257 115 256 66 66 66 106
0 257 256 255 66 66 66 106
0 115 257 258 66 66 66 107
0 115 258 259 66 66 66 107
0 259 258 260 66 66 66 108
0 259 260 76 66 66 66 108
0 76 260 261 66 66 66 109
0 76 261 262 66 66 66 109
0 262 261 263 66 66 66 110
0 262 263 70 66 66 66 110
0 70 263 264 66 66 66 111
0 70 264 265 66 66 66 111
0 265 264 266 66 66 66 112
0 265 266 64 66 66 66 112
0 64 266 267 66 66 66 113
0 64 267 268 66 66 66 113
0 268 267 269 67 67 67 114
0 268 269 58 67 67 67 114
0 58 269 270 66 66 66 115
0 58 270 271 66 66 66 115
0 271 270 272 66 66 66 116
0 271 272 52 66 66 66 116
0 52 272 273 66 66 66 117
0 52 273 274 66 66 66 117
0 274 273 275 66 66 66 118
0 274 275 121 66 66 66 118
0 121 275 276 67 67 67 119
0 121 276 277 67 67 67 119
0 277 276 278 66 66 66 120
0 277 278 279 66 66 66 120
0 279 278 280 66 66 66 121
0 279 280 281 66 66 66 121
0 281 280 282 67 67 67 122
0 281 282 133 67 67 67 122
0 133 282 283 66 66 66 123
0 133 283 284 66 66 66 123
0 284 283 285 66 66 66 124
0 284 285 139 66 66 66 124
0 139 285 286 66 66 66 125
0 139 286 287 66 66 66 125
0 287 286 288 67 67 67 126
0 287 288 151 67 67 67 126
0 151 288 289 66 66 66 127
0 151 289 290 66 66 66 127
0 289 290 195 64 64 64 128
0 289 195 194 64 64 64 128
0 195 291 292 68 68 68 129
0 195 292 293 68 68 68 129
0 195 293 294 69 69 69 130
0 195 294 295 69 69 69 130
0 295 294 296 70 70 70 131
0 295 296 184 70 70 70 131
0 184 296 297 71 71 71 132
0 184 297 298 71 71 71 132
0 298 297 299 72 72 72 133
0 298 299 178 72 72 72 133
0 178 299 176 73 73 73 134
0 178 176 300 73 73 73 134
0 300 176 301 74 74 74 135
0 300 301 172 74 74 74 135
0 172 301 302 75 75 75 136
0 172 302 303 75 75 75 136
0 303 302 304 76 76 76 137
0 303 304 166 76 76 76 137
0 166 304 305 77 77 77 138
0 166 305 306 77 77 77 138
0 306 305 307 78 78 78 139
0 306 307 160 78 78 78 139
0 308 309 307 79 79 79 140
0 308 307 160 79 79 79 140
0 145 310 309 80 80 80 141
0 145 309 308 80 80 80 141
0 311 312 310 81 81 81 142
0 311 310 145 81 81 81 142
0 49 313 312 79 79 79 143
0 49 312 311 79 79 79 143
0 314 315 313 79 79 79 144
0 314 313 49 79 79 79 144
0 43 316 315 79 79 79 145
0 43 315 314 79 79 79 145
0 317 318 316 81 81 81 146
0 317 316 43 81 81 81 146
0 220 319 318 79 79 79 147
0 220 318 317 79 79 79 147
0 320 321 319 79 79 79 148
0 320 319 220 79 79 79 148
0 22 322 321 81 81 81 149
0 22 321 320 81 81 81 149
0 323 324 322 81 81 81 150
0 323 322 22 81 81 81 150
0 325 326 324 81 81 81 151
0 325 324 323 81 81 81 151
0 327 328 326 80 80 80 152
0 327 326 325 80 80 80 152
0 10 329 328 81 81 81 153
0 10 328 327 81 81 81 153
0 330 331 329 81 81 81 154
0 330 329 10 81 81 81 154
0 4 332 331 79 79 79 155
0 4 331 330 79 79 79 155
0 333 334 332 82 82 82 156
0 333 332 4 82 82 82 156
0 236 335 334 81 81 81 157
0 236 334 333 81 81 81 157
0 336 337 335 82 82 82 158
0 336 335 236 82 82 82 158
0 338 339 337 81 81 81 159
0 338 337 336 81 81 81 159
0 340 341 339 81 81 81 160
0 340 339 338 81 81 81 160
0 85 342 341 83 83 83 161
0 85 341 340 83 83 83 161
0 343 344 342 84 84 84 162
0 343 342 85 84 84 84 162
0 91 345 344 85 85 85 163
0 91 344 343 85 85 85 163
0 346 347 345 86 86 86 164
0 346 345 91 86 86 86 164
0 348 349 347 87 87 87 165
0 348 347 346 87 87 87 165
0 350 101 349 88 88 88 166
0 350 349 348 88 88 88 166
0 351 352 101 89 89 89 167
0 351 101 350 89 89 89 167
0 353 354 352 90 90 90 168
0 353 352 351 90 90 90 168
0 254 355 354 91 91 91 169
0 254 354 353 91 91 91 169
0 356 357 355 92 92 92 170
0 356 355 254 92 92 92 170
0 358 359 357 93 93 93 171
0 358 357 356 93 93 93 171
0 359 358 360 94 94 94 172
0 359 360 361 94 94 94 172
0 361 360 362 95 95 95 173
0 361 362 363 95 95 95 173
0 363 362 364 95 95 95 174
0 363 364 365 95 95 95 174
0 365 364 70 96 96 96 175
0 365 70 366 96 96 96 175
0 366 70 367 95 95 95 176
0 366 367 368 95 95 95 176
0 368 367 64 96 96 96 177
0 368 64 369 96 96 96 177
0 369 64 370 97 97 97 178
0 369 370 371 97 97 97 178
0 371 370 372 95 95 95 179
0 371 372 373 95 95 95 179
0 373 372 374 95 95 95 180
0 373 374 375 95 95 95 180
0 375 374 52 98 98 98 181
0 375 52 376 98 98 98 181
0 376 52 377 95 95 95 182
0 376 377 378 95 95 95 182
0 378 377 121 95 95 95 183
0 378 121 379 95 95 95 183
0 379 121 380 95 95 95 184
0 379 380 381 95 95 95 184
0 381 380 279 97 97 97 185
0 381 279 382 97 97 97 185
0 382 279 383 97 97 97 186
0 382 383 384 97 97 97 186
0 384 383 133 95 95 95 187
0 384 133 385 95 95 95 187
0 385 133 386 97 97 97 188
0 385 386 387 97 97 97 188
0 387 386 139 97 97 97 189
0 387 139 388 97 97 97 189
0 388 139 389 97 97 97 190
0 388 389 390 97 97 97 190
0 390 389 151 95 95 95 191
0 390 151 391 95 95 95 191
0 391 151 291 98 98 98 192
0 391 291 292 98 98 98 192
Materials: 0
GroupComments: 0
MaterialComments: 0
BoneComments: 0
ModelComment: 0
