// MilkShape 3D ASCII

Frames: 1
Frame: 1

Meshes: 2
"border" 0 1
88
0 -128.050003 0.000000 26.000006 0.022603 -0.100489 -1
0 -128.050003 3.120000 26.000006 0.012789 -0.098925 -1
0 -136.084457 3.120000 24.727476 0.019374 -0.072937 -1
0 -136.084457 0.000000 24.727476 0.028140 -0.076539 -1
0 -143.332428 3.120000 21.034447 0.032440 -0.049294 -1
0 -143.332428 0.000000 21.034447 0.040021 -0.055101 -1
0 -149.084457 3.120000 15.282418 0.051761 -0.030225 -1
0 -149.084457 0.000000 15.282418 0.057264 -0.037947 -1
0 -152.777466 3.120000 8.034451 0.076096 -0.018145 -1
0 -152.777466 0.000000 8.034451 0.079022 -0.027278 -1
0 -154.050003 3.120000 0.000006 0.102998 -0.013832 -1
0 -154.050003 0.000000 0.000006 0.102983 -0.023385 -1
0 -152.777466 3.120000 -8.034438 0.129882 -0.018223 -1
0 -152.777466 0.000000 -8.034438 0.126931 -0.027331 -1
0 -149.084457 3.120000 -15.282405 0.154152 -0.030420 -1
0 -149.084457 0.000000 -15.282405 0.148645 -0.038156 -1
0 -143.332428 3.120000 -21.034435 0.173439 -0.049378 -1
0 -143.332428 0.000000 -21.034435 0.165891 -0.055177 -1
0 -136.084457 3.120000 -24.727465 0.186503 -0.072898 -1
0 -136.084457 0.000000 -24.727465 0.177751 -0.076472 -1
0 -128.050003 3.120000 -25.999994 0.193091 -0.098941 -1
0 -128.050003 0.000000 -25.999994 0.183269 -0.100513 -1
0 128.050003 0.000000 -26.000006 0.183138 -0.898257 -1
0 128.050003 3.120000 -26.000006 0.193028 -0.899813 -1
0 136.084457 3.120000 -24.727476 0.186575 -0.926102 -1
0 136.084457 0.000000 -24.727476 0.177748 -0.922570 -1
0 143.332428 3.120000 -21.034449 0.173618 -0.949824 -1
0 143.332428 0.000000 -21.034449 0.166008 -0.944056 -1
0 149.084457 3.120000 -15.282423 0.154318 -0.969009 -1
0 149.084457 0.000000 -15.282423 0.148652 -0.961230 -1
0 152.777466 3.120000 -8.034448 0.130128 -0.981687 -1
0 152.777466 0.000000 -8.034448 0.127163 -0.972595 -1
0 154.050003 3.120000 -0.000006 0.102950 -0.986014 -1
0 154.050003 0.000000 -0.000006 0.102969 -0.976384 -1
0 152.777466 3.120000 8.034436 0.075726 -0.981550 -1
0 152.777466 0.000000 8.034436 0.078725 -0.972337 -1
0 149.084457 3.120000 15.282408 0.051185 -0.969044 -1
0 149.084457 0.000000 15.282408 0.056804 -0.961160 -1
0 143.332413 3.120000 21.034437 0.031533 -0.949978 -1
0 143.332413 0.000000 21.034437 0.039055 -0.944217 -1
0 136.084457 3.120000 24.727463 0.018869 -0.926135 -1
0 136.084457 0.000000 24.727463 0.027768 -0.922672 -1
0 128.050003 3.120000 25.999994 0.012591 -0.899755 -1
0 128.050003 0.000000 25.999994 0.022503 -0.898238 -1
0 135.522034 3.640000 22.996540 0.013088 -0.928425 -1
0 128.050003 3.640000 24.179995 0.006455 -0.901292 -1
0 -128.050430 3.593503 -24.179995 0.199130 -0.097369 -1
0 128.050003 3.640000 -24.180006 0.199150 -0.901378 -1
0 -128.050430 3.593503 24.180006 0.006755 -0.097359 -1
0 142.262634 3.640000 19.562027 0.026503 -0.953743 -1
0 147.612045 3.640000 14.212639 0.047404 -0.974229 -1
0 151.046539 3.640000 7.472025 0.073677 -0.987654 -1
0 152.229996 3.640000 -0.000006 0.102882 -0.992427 -1
0 151.046539 3.640000 -7.472037 0.132051 -0.987767 -1
0 147.612045 3.640000 -14.212654 0.158031 -0.974205 -1
0 142.262650 3.640000 -19.562038 0.178657 -0.953638 -1
0 135.522034 3.640000 -22.996553 0.192311 -0.928430 -1
0 -151.046967 3.593503 -7.472028 0.131777 -0.012205 -1
0 -147.612457 3.593503 -14.212638 0.157740 -0.025284 -1
0 -142.263062 3.593503 -19.562023 0.178355 -0.045529 -1
0 -135.522461 3.593503 -22.996542 0.192150 -0.070510 -1
0 -135.522461 3.593503 22.996553 0.013716 -0.070537 -1
0 -142.263062 3.593503 19.562035 0.027506 -0.045440 -1
0 -147.612457 3.593503 14.212651 0.048175 -0.025092 -1
0 -151.046967 3.593503 7.472040 0.074219 -0.012112 -1
0 -152.230408 3.593503 0.000006 0.103009 -0.007521 -1
0 -128.050842 3.027006 -22.359995 0.205557 -0.095814 -1
0 -134.960464 3.027006 -21.265619 0.198780 -0.067754 -1
0 -141.193710 3.027006 -18.089613 0.184168 -0.040993 -1
0 -146.140457 3.027006 -13.142868 0.161997 -0.019186 -1
0 -149.316452 3.027006 -6.909616 0.134011 -0.005067 -1
0 -150.410828 3.027006 0.000006 0.103021 -0.000045 -1
0 -149.316452 3.027006 6.909629 0.072007 -0.004959 -1
0 -146.140457 3.027006 13.142881 0.043919 -0.018981 -1
0 -141.193710 3.027006 18.089624 0.021669 -0.040896 -1
0 -134.960464 3.027006 21.265631 0.007075 -0.067779 -1
0 -128.050842 3.027006 22.360006 0.000326 -0.095808 -1
0 128.049988 3.120000 -22.360006 0.205556 -0.902865 -1
0 128.049988 3.120000 22.359995 0.000045 -0.902748 -1
0 134.959625 3.120000 21.265617 0.006394 -0.930941 -1
0 141.192871 3.120000 18.089617 0.020583 -0.958099 -1
0 146.139618 3.120000 13.142870 0.042963 -0.980266 -1
0 149.315613 3.120000 6.909614 0.071257 -0.994790 -1
0 150.410004 3.120000 -0.000006 0.102789 -0.999955 -1
0 149.315613 3.120000 -6.909626 0.134312 -0.994908 -1
0 146.139618 3.120000 -13.142884 0.162366 -0.980275 -1
0 141.192886 3.120000 -18.089626 0.184507 -0.958122 -1
0 134.959625 3.120000 -21.265631 0.198960 -0.931063 -1
88
-0.056795 -0.689840 0.721702
-0.062258 0.594562 0.801599
-0.250893 0.583697 0.772210
-0.228401 -0.673513 0.702963
-0.477248 0.583697 0.656880
-0.434462 -0.673513 0.597980
-0.656880 0.583697 0.477248
-0.597980 -0.673513 0.434462
-0.772210 0.583697 0.250893
-0.702963 -0.673513 0.228401
-0.811945 0.583697 0.000000
-0.739128 -0.673513 0.000000
-0.772210 0.583697 -0.250893
-0.702963 -0.673513 -0.228401
-0.656880 0.583697 -0.477248
-0.597980 -0.673513 -0.434462
-0.477248 0.583697 -0.656880
-0.434462 -0.673513 -0.597980
-0.250893 0.583697 -0.772210
-0.228401 -0.673513 -0.702963
-0.062258 0.594562 -0.801599
-0.056795 -0.689840 -0.721702
0.056795 -0.689840 -0.721702
0.062990 0.590258 -0.804743
0.252815 0.574877 -0.778161
0.228401 -0.673513 -0.702963
0.480911 0.574877 -0.661946
0.434462 -0.673513 -0.597980
0.661946 0.574877 -0.480911
0.597980 -0.673513 -0.434462
0.778161 0.574877 -0.252815
0.702963 -0.673513 -0.228401
0.818201 0.574877 0.000000
0.739128 -0.673513 0.000000
0.778161 0.574877 0.252815
0.702963 -0.673513 0.228401
0.661946 0.574877 0.480911
0.597980 -0.673513 0.434462
0.480911 0.574877 0.661946
0.434462 -0.673513 0.597980
0.252815 0.574877 0.778161
0.228401 -0.673513 0.702963
0.062990 0.590258 0.804743
0.056795 -0.689840 0.721702
0.008454 0.999603 0.026093
0.002075 0.999939 0.007813
-0.000397 0.999969 0.003967
0.002075 0.999939 -0.007813
-0.000397 0.999969 -0.003967
0.016114 0.999603 0.022187
0.022187 0.999603 0.016114
0.026093 0.999603 0.008454
0.027436 0.999603 0.000000
0.026093 0.999603 -0.008454
0.022187 0.999603 -0.016114
0.016114 0.999603 -0.022187
0.008454 0.999603 -0.026093
-0.003632 0.999969 -0.001160
-0.003082 0.999969 -0.002228
-0.002258 0.999969 -0.003082
-0.001190 0.999969 -0.003632
-0.001190 0.999969 0.003632
-0.002258 0.999969 0.003082
-0.003082 0.999969 0.002228
-0.003632 0.999969 0.001160
-0.003815 0.999969 0.000000
0.024445 0.956145 0.291757
0.091830 0.954802 0.282662
0.174688 0.954802 0.240455
0.240455 0.954772 0.174688
0.282693 0.954772 0.091830
0.297250 0.954772 0.000000
0.282693 0.954772 -0.091830
0.240455 0.954772 -0.174688
0.174688 0.954802 -0.240455
0.091830 0.954802 -0.282662
0.024445 0.956145 -0.291757
-0.022858 0.959685 0.280038
-0.022858 0.959685 -0.280038
-0.084872 0.961516 -0.261269
-0.161473 0.961516 -0.222236
-0.222236 0.961516 -0.161473
-0.261269 0.961516 -0.084872
-0.274697 0.961516 0.000000
-0.261269 0.961516 0.084872
-0.222236 0.961516 0.161473
-0.161473 0.961516 0.222236
-0.084872 0.961516 0.261269
152
0 0 1 2 0 1 2 1
0 0 2 3 0 2 3 1
0 3 2 4 3 2 4 2
0 3 4 5 3 4 5 2
0 5 4 6 5 4 6 3
0 5 6 7 5 6 7 3
0 7 6 8 7 6 8 4
0 7 8 9 7 8 9 4
0 9 8 10 9 8 10 5
0 9 10 11 9 10 11 5
0 11 10 12 11 10 12 6
0 11 12 13 11 12 13 6
0 13 12 14 13 12 14 7
0 13 14 15 13 14 15 7
0 15 14 16 15 14 16 8
0 15 16 17 15 16 17 8
0 17 16 18 17 16 18 9
0 17 18 19 17 18 19 9
0 19 18 20 19 18 20 10
0 19 20 21 19 20 21 10
0 22 23 24 22 23 24 11
0 22 24 25 22 24 25 11
0 25 24 26 25 24 26 12
0 25 26 27 25 26 27 12
0 27 26 28 27 26 28 13
0 27 28 29 27 28 29 13
0 29 28 30 29 28 30 14
0 29 30 31 29 30 31 14
0 31 30 32 31 30 32 15
0 31 32 33 31 32 33 15
0 33 32 34 33 32 34 16
0 33 34 35 33 34 35 16
0 35 34 36 35 34 36 17
0 35 36 37 35 36 37 17
0 37 36 38 37 36 38 18
0 37 38 39 37 38 39 18
0 39 38 40 39 38 40 19
0 39 40 41 39 40 41 19
0 41 40 42 41 40 42 20
0 41 42 43 41 42 43 20
0 0 43 42 0 43 42 21
0 0 42 1 0 42 1 21
0 20 23 22 20 23 22 22
0 20 22 21 20 22 21 22
0 0 3 5 0 3 5 23
0 0 5 7 0 5 7 23
0 0 7 9 0 7 9 23
0 0 9 11 0 9 11 23
0 0 11 13 0 11 13 23
0 0 13 15 0 13 15 23
0 0 15 17 0 15 17 23
0 0 17 19 0 17 19 23
0 0 19 21 0 19 21 23
0 0 21 22 0 21 22 23
0 0 22 25 0 22 25 23
0 0 25 27 0 25 27 23
0 0 27 29 0 27 29 23
0 0 29 31 0 29 31 23
0 0 31 33 0 31 33 23
0 0 33 35 0 33 35 23
0 0 35 37 0 35 37 23
0 0 37 39 0 37 39 23
0 0 39 41 0 39 41 23
0 0 41 43 0 41 43 23
0 44 45 42 44 45 42 24
0 44 42 40 44 42 40 24
0 23 20 46 23 20 46 25
0 23 46 47 23 46 47 25
0 42 45 48 42 45 48 26
0 42 48 1 42 48 1 26
0 38 49 44 38 49 44 27
0 38 44 40 38 44 40 27
0 36 50 49 36 50 49 28
0 36 49 38 36 49 38 28
0 34 51 50 34 51 50 29
0 34 50 36 34 50 36 29
0 32 52 51 32 52 51 30
0 32 51 34 32 51 34 30
0 30 53 52 30 53 52 31
0 30 52 32 30 52 32 31
0 28 54 53 28 54 53 32
0 28 53 30 28 53 30 32
0 26 55 54 26 55 54 33
0 26 54 28 26 54 28 33
0 24 56 55 24 56 55 34
0 24 55 26 24 55 26 34
0 23 47 56 23 47 56 35
0 23 56 24 23 56 24 35
0 14 12 57 14 12 57 36
0 14 57 58 14 57 58 36
0 16 14 58 16 14 58 37
0 16 58 59 16 58 59 37
0 18 16 59 18 16 59 38
0 18 59 60 18 59 60 38
0 2 1 48 2 1 48 39
0 2 48 61 2 48 61 39
0 20 18 60 20 18 60 40
0 20 60 46 20 60 46 40
0 4 2 61 4 2 61 41
0 4 61 62 4 61 62 41
0 6 4 62 6 4 62 42
0 6 62 63 6 62 63 42
0 8 6 63 8 6 63 43
0 8 63 64 8 63 64 43
0 10 8 64 10 8 64 44
0 10 64 65 10 64 65 44
0 12 10 65 12 10 65 45
0 12 65 57 12 65 57 45
0 66 46 60 66 46 60 46
0 66 60 67 66 60 67 46
0 67 60 59 67 60 59 47
0 67 59 68 67 59 68 47
0 68 59 58 68 59 58 48
0 68 58 69 68 58 69 48
0 69 58 57 69 58 57 49
0 69 57 70 69 57 70 49
0 70 57 65 70 57 65 50
0 70 65 71 70 65 71 50
0 72 64 63 72 64 63 51
0 72 63 73 72 63 73 51
0 71 65 64 71 65 64 52
0 71 64 72 71 64 72 52
0 73 63 62 73 63 62 53
0 73 62 74 73 62 74 53
0 74 62 61 74 62 61 54
0 74 61 75 74 61 75 54
0 75 61 48 75 61 48 55
0 75 48 76 75 48 76 55
0 77 47 46 77 47 46 56
0 77 46 66 77 46 66 56
0 76 48 45 76 48 45 57
0 76 45 78 76 45 78 57
0 79 78 45 79 78 45 58
0 79 45 44 79 45 44 58
0 79 44 49 79 44 49 59
0 79 49 80 79 49 80 59
0 80 49 50 80 49 50 60
0 80 50 81 80 50 81 60
0 81 50 51 81 50 51 61
0 81 51 82 81 51 82 61
0 82 51 52 82 51 52 62
0 82 52 83 82 52 83 62
0 83 52 53 83 52 53 63
0 83 53 84 83 53 84 63
0 84 53 54 84 53 54 64
0 84 54 85 84 54 85 64
0 85 54 55 85 54 55 65
0 85 55 86 85 55 86 65
0 86 55 56 86 55 56 66
0 86 56 87 86 56 87 66
0 87 56 47 87 56 47 67
0 87 47 77 87 47 77 67
"black" 0 2
44
0 -134.481567 3.333503 -19.777025 0.008719 -0.053081 -1
0 -128.055618 3.333503 -20.794796 0.005335 -0.074435 -1
0 -128.050842 3.027006 -22.359995 0.000039 -0.074443 -1
0 -134.960464 3.027006 -21.265619 0.003675 -0.051458 -1
0 -140.278488 3.333503 -16.823339 0.018534 -0.033816 -1
0 -141.193710 3.027006 -18.089613 0.014243 -0.030714 -1
0 -144.878967 3.333503 -12.222867 0.033822 -0.018527 -1
0 -146.140457 3.027006 -13.142868 0.030705 -0.014251 -1
0 -148.850403 3.333503 0.000006 0.074442 -0.005327 -1
0 -147.832642 3.333503 -6.425943 0.053087 -0.008710 -1
0 -149.316452 3.027006 -6.909616 0.051448 -0.003681 -1
0 -150.410828 3.027006 0.000006 0.074442 -0.000039 -1
0 -144.878967 3.333503 12.222880 0.115063 -0.018524 -1
0 -147.832642 3.333503 6.425955 0.095798 -0.008709 -1
0 -149.316452 3.027006 6.909629 0.097436 -0.003680 -1
0 -146.140457 3.027006 13.142881 0.118180 -0.014249 -1
0 -140.278488 3.333503 16.823351 0.130352 -0.033813 -1
0 -141.193710 3.027006 18.089624 0.134643 -0.030711 -1
0 -134.481567 3.333503 19.777037 0.140169 -0.053077 -1
0 -134.960464 3.027006 21.265631 0.145212 -0.051454 -1
0 -128.055618 3.333503 20.794807 0.143554 -0.074431 -1
0 -128.050842 3.027006 22.360006 0.148850 -0.074438 -1
0 128.037445 3.380000 -20.794807 0.005361 -0.925539 -1
0 128.049988 3.120000 -22.360006 0.000087 -0.925587 -1
0 128.037445 3.380000 20.794796 0.143580 -0.925535 -1
0 128.049988 3.120000 22.359995 0.148850 -0.925582 -1
0 134.463394 3.380000 19.777023 0.140197 -0.946890 -1
0 134.959625 3.120000 21.265617 0.145214 -0.948561 -1
0 140.260300 3.380000 16.823343 0.130382 -0.966155 -1
0 141.192871 3.120000 18.089617 0.134650 -0.969297 -1
0 144.860809 3.380000 12.222868 0.115094 -0.981445 -1
0 146.139618 3.120000 13.142870 0.118195 -0.985754 -1
0 147.814468 3.380000 6.425941 0.095829 -0.991262 -1
0 149.315613 3.120000 6.909614 0.097459 -0.996320 -1
0 148.832245 3.380000 -0.000006 0.074473 -0.994645 -1
0 150.410004 3.120000 -0.000006 0.074474 -0.999961 -1
0 147.814468 3.380000 -6.425953 0.053118 -0.991263 -1
0 149.315613 3.120000 -6.909626 0.051487 -0.996322 -1
0 144.860809 3.380000 -12.222884 0.033852 -0.981448 -1
0 146.139618 3.120000 -13.142884 0.030751 -0.985757 -1
0 140.260330 3.380000 -16.823355 0.018562 -0.966159 -1
0 141.192886 3.120000 -18.089626 0.014295 -0.969302 -1
0 134.463394 3.380000 -19.777037 0.008746 -0.946895 -1
0 134.959625 3.120000 -21.265631 0.003729 -0.948567 -1
42
-0.059481 0.981323 -0.182897
-0.016083 0.982513 -0.185461
-0.014527 0.982665 -0.184759
-0.059389 0.981323 -0.182928
-0.113193 0.981292 -0.155705
-0.113102 0.981292 -0.155736
-0.155858 0.981262 -0.113163
-0.155797 0.981262 -0.113224
-0.192724 0.981231 0.000000
-0.183264 0.981231 -0.059511
-0.183264 0.981231 -0.059542
-0.155858 0.981262 0.113163
-0.183264 0.981231 0.059511
-0.183264 0.981231 0.059542
-0.155797 0.981262 0.113224
-0.113193 0.981292 0.155705
-0.113102 0.981292 0.155736
-0.059481 0.981323 0.182897
-0.059389 0.981323 0.182928
-0.016083 0.982513 0.185461
-0.014527 0.982665 0.184759
0.013367 0.985229 -0.170537
0.012207 0.985137 -0.171178
0.013367 0.985229 0.170537
0.012207 0.985137 0.171178
0.050356 0.986541 0.155492
0.050600 0.986541 0.155431
0.095767 0.986602 0.132023
0.095950 0.986602 0.131901
0.131687 0.986633 0.095767
0.131748 0.986633 0.095645
0.154668 0.986663 0.050295
0.154698 0.986663 0.050203
0.162572 0.986663 0.000000
0.154668 0.986663 -0.050295
0.154698 0.986663 -0.050203
0.131687 0.986633 -0.095767
0.131779 0.986633 -0.095645
0.095767 0.986602 -0.132023
0.095950 0.986602 -0.131901
0.050356 0.986541 -0.155492
0.050600 0.986541 -0.155431
44
0 0 1 2 0 1 2 1
0 0 2 3 0 2 3 1
0 4 0 3 4 0 3 2
0 4 3 5 4 3 5 2
0 6 4 5 6 4 5 3
0 6 5 7 6 5 7 3
0 8 9 10 8 9 10 4
0 8 10 11 8 10 8 4
0 9 6 7 9 6 7 5
0 9 7 10 9 7 10 5
0 12 13 14 11 12 13 6
0 12 14 15 11 13 14 6
0 16 12 15 15 11 14 7
0 16 15 17 15 14 16 7
0 13 8 11 12 8 8 8
0 13 11 14 12 8 13 8
0 18 16 17 17 15 16 9
0 18 17 19 17 16 18 9
0 20 18 19 19 17 18 10
0 20 19 21 19 18 20 10
0 22 23 2 21 22 2 11
0 22 2 1 21 2 1 11
0 24 20 21 23 19 20 12
0 24 21 25 23 20 24 12
0 26 24 25 25 23 24 13
0 26 25 27 25 24 26 13
0 28 26 27 27 25 26 14
0 28 27 29 27 26 28 14
0 30 28 29 29 27 28 15
0 30 29 31 29 28 30 15
0 32 30 31 31 29 30 16
0 32 31 33 31 30 32 16
0 34 32 33 33 31 32 17
0 34 33 35 33 32 33 17
0 36 34 35 34 33 33 18
0 36 35 37 34 33 35 18
0 38 36 37 36 34 35 19
0 38 37 39 36 35 37 19
0 40 38 39 38 36 37 20
0 40 39 41 38 37 39 20
0 42 40 41 40 38 39 21
0 42 41 43 40 39 41 21
0 22 42 43 21 40 41 22
0 22 43 23 21 41 22 22

Materials: 0

Bones: 0
GroupComments: 0
MaterialComments: 0
BoneComments: 0
ModelComment: 0
