// MilkShape 3D ASCII

Frames: 80
Frame: 1

Meshes: 1
"glass" 0 0
60
0 0.000000 0.000000 -26.000000 1.000000 0.500000 0
0 0.000000 3.640000 -26.000000 1.000000 0.000000 0
0 8.034442 3.640000 -24.727470 0.950000 0.000000 0
0 8.034442 0.000000 -24.727470 0.950000 0.500000 0
0 15.282416 3.640000 -21.034443 0.900000 0.000000 0
0 15.282416 0.000000 -21.034443 0.900000 0.500000 0
0 21.034443 3.640000 -15.282416 0.850000 0.000000 0
0 21.034443 0.000000 -15.282416 0.850000 0.500000 0
0 24.727470 3.640000 -8.034441 0.800000 0.000000 0
0 24.727470 0.000000 -8.034441 0.800000 0.500000 0
0 26.000000 3.640000 0.000001 0.750000 0.000000 0
0 26.000000 0.000000 0.000001 0.750000 0.500000 0
0 24.727468 3.640000 8.034443 0.700000 0.000000 0
0 24.727468 0.000000 8.034443 0.700000 0.500000 0
0 21.034443 3.640000 15.282414 0.650000 0.000000 0
0 21.034443 0.000000 15.282414 0.650000 0.500000 0
0 15.282414 3.640000 21.034443 0.600000 0.000000 0
0 15.282414 0.000000 21.034443 0.600000 0.500000 0
0 8.034443 3.640000 24.727468 0.550000 0.000000 0
0 8.034443 0.000000 24.727468 0.550000 0.500000 0
0 -0.000002 3.640000 26.000000 0.500000 0.000000 0
0 -0.000002 0.000000 26.000000 0.500000 0.500000 0
0 -8.034441 3.640000 24.727470 0.450000 0.000000 0
0 -8.034441 0.000000 24.727470 0.450000 0.500000 0
0 -15.282419 3.640000 21.034441 0.400000 0.000000 0
0 -15.282419 0.000000 21.034441 0.400000 0.500000 0
0 -21.034445 3.640000 15.282412 0.350000 0.000000 0
0 -21.034445 0.000000 15.282412 0.350000 0.500000 0
0 -24.727468 3.640000 8.034445 0.300000 0.000000 0
0 -24.727468 0.000000 8.034445 0.300000 0.500000 0
0 -26.000000 3.640000 -0.000000 0.250000 0.000000 0
0 -26.000000 0.000000 -0.000000 0.250000 0.500000 0
0 -24.727468 3.640000 -8.034445 0.200000 0.000000 0
0 -24.727468 0.000000 -8.034445 0.200000 0.500000 0
0 -21.034445 3.640000 -15.282412 0.150000 0.000000 0
0 -21.034445 0.000000 -15.282412 0.150000 0.500000 0
0 -15.282418 3.640000 -21.034441 0.100000 0.000000 0
0 -15.282418 0.000000 -21.034441 0.100000 0.500000 0
0 -8.034441 3.640000 -24.727470 0.050000 0.000000 0
0 -8.034441 0.000000 -24.727470 0.050000 0.500000 0
0 0.000000 0.000000 -26.000000 0.750000 0.510000 0
0 8.034442 0.000000 -24.727470 0.824164 0.521746 0
0 15.282416 0.000000 -21.034443 0.891068 0.555836 0
0 21.034443 0.000000 -15.282416 0.944164 0.608932 0
0 24.727470 0.000000 -8.034441 0.978254 0.675836 0
0 26.000000 0.000000 0.000001 0.990000 0.750000 0
0 24.727468 0.000000 8.034443 0.978254 0.824164 0
0 21.034443 0.000000 15.282414 0.944164 0.891068 0
0 15.282414 0.000000 21.034443 0.891068 0.944164 0
0 8.034443 0.000000 24.727468 0.824164 0.978254 0
0 -0.000002 0.000000 26.000000 0.750000 0.990000 0
0 -8.034441 0.000000 24.727470 0.675836 0.978254 0
0 -15.282419 0.000000 21.034441 0.608932 0.944164 0
0 -21.034445 0.000000 15.282412 0.555836 0.891068 0
0 -24.727468 0.000000 8.034445 0.521746 0.824164 0
0 -26.000000 0.000000 -0.000000 0.510000 0.750000 0
0 -24.727468 0.000000 -8.034445 0.521746 0.675836 0
0 -21.034445 0.000000 -15.282412 0.555836 0.608932 0
0 -15.282418 0.000000 -21.034441 0.608932 0.555836 0
0 -8.034441 0.000000 -24.727470 0.675836 0.521746 0
21
0.000000 -1.000000 0.000000
0.000000 0.000000 -1.000000
0.309017 0.000000 -0.951057
0.587785 0.000000 -0.809017
0.809017 0.000000 -0.587785
0.951057 0.000000 -0.309017
1.000000 0.000000 0.000000
0.951056 0.000000 0.309018
0.809017 0.000000 0.587786
0.587785 0.000000 0.809017
0.309017 0.000000 0.951057
0.000000 0.000000 1.000000
-0.309017 0.000000 0.951057
-0.587785 0.000000 0.809017
-0.809017 0.000000 0.587785
-0.951056 0.000000 0.309017
-1.000000 0.000000 0.000001
-0.951056 0.000000 -0.309017
-0.809017 0.000000 -0.587786
-0.587785 0.000000 -0.809017
-0.309017 0.000000 -0.951057
58
0 0 1 2 1 1 2 1
0 0 2 3 1 2 2 1
0 3 2 4 2 2 3 1
0 3 4 5 2 3 3 1
0 5 4 6 3 3 4 1
0 5 6 7 3 4 4 1
0 7 6 8 4 4 5 1
0 7 8 9 4 5 5 1
0 9 8 10 5 5 6 1
0 9 10 11 5 6 6 1
0 11 10 12 6 6 7 1
0 11 12 13 6 7 7 1
0 13 12 14 7 7 8 1
0 13 14 15 7 8 8 1
0 15 14 16 8 8 9 1
0 15 16 17 8 9 9 1
0 17 16 18 9 9 10 1
0 17 18 19 9 10 10 1
0 19 18 20 10 10 11 1
0 19 20 21 10 11 11 1
0 21 20 22 11 11 12 1
0 21 22 23 11 12 12 1
0 23 22 24 12 12 13 1
0 23 24 25 12 13 13 1
0 25 24 26 13 13 14 1
0 25 26 27 13 14 14 1
0 27 26 28 14 14 15 1
0 27 28 29 14 15 15 1
0 29 28 30 15 15 16 1
0 29 30 31 15 16 16 1
0 31 30 32 16 16 17 1
0 31 32 33 16 17 17 1
0 33 32 34 17 17 18 1
0 33 34 35 17 18 18 1
0 35 34 36 18 18 19 1
0 35 36 37 18 19 19 1
0 37 36 38 19 19 20 1
0 37 38 39 19 20 20 1
0 39 38 1 20 20 1 1
0 39 1 0 20 1 1 1
0 40 41 42 0 0 0 1
0 40 42 43 0 0 0 1
0 40 43 44 0 0 0 1
0 40 44 45 0 0 0 1
0 40 45 46 0 0 0 1
0 40 46 47 0 0 0 1
0 40 47 48 0 0 0 1
0 40 48 49 0 0 0 1
0 40 49 50 0 0 0 1
0 40 50 51 0 0 0 1
0 40 51 52 0 0 0 1
0 40 52 53 0 0 0 1
0 40 53 54 0 0 0 1
0 40 54 55 0 0 0 1
0 40 55 56 0 0 0 1
0 40 56 57 0 0 0 1
0 40 57 58 0 0 0 1
0 40 58 59 0 0 0 1

Materials: 1
"glass01"
0.200000 0.200000 0.200000 0.800000
1.000000 1.000000 1.000000 1.000000
0.000000 0.000000 0.000000 1.000000
0.000000 0.000000 0.000000 0.800000
0.000000
1.000000
"resource/glass_spheremap.png"
""

Bones: 1
"joint1"
""
0 0.000000 0.000000 0.000000 0.000000 0.000000 0.000000
3
1.000000 0.000000 0.000000 0.000000
40.000000 0.000000 0.000000 0.000000
80.000000 0.000000 0.000000 0.000000
3
1.000000 0.000000 0.000000 0.000000
40.000000 0.000000 3.102808 0.000000
80.000000 0.000000 6.205615 0.000000
GroupComments: 0
MaterialComments: 0
BoneComments: 0
ModelComment: 0
