// MilkShape 3D ASCII

Frames: 80
Frame: 1

Meshes: 1
"glass1" 0 0
20
0 -15.640126 4.419999 5.081787 0.700000 0.000000 0
0 -8.787391 9.620000 12.094803 0.600000 0.030000 0
0 -13.507381 9.099999 4.388815 0.700000 0.030000 0
0 -14.218296 9.620000 -4.619806 0.800000 0.030000 0
0 -28.436588 4.419999 -9.239612 0.800000 0.000000 0
0 -9.666129 4.419999 -13.304283 0.900000 0.000000 0
0 -0.000002 4.419999 16.445002 0.500000 0.000000 0
0 -17.574781 4.419999 24.189606 0.600000 0.000000 0
0 -8.348021 9.099999 -11.490062 0.900000 0.030000 0
0 -0.000002 9.099999 14.202499 0.500000 0.030000 0
0 -0.000001 9.620000 -14.950000 0.000000 0.030000 0
0 9.666128 4.419999 -13.304285 0.100000 0.000000 0
0 0.000000 4.419999 -29.900000 0.000000 0.000000 0
0 8.787389 9.620000 12.094805 0.400000 0.030000 0
0 17.574778 4.419999 24.189610 0.400000 0.000000 0
0 15.640123 4.419999 5.081785 0.300000 0.000000 0
0 8.348020 9.099999 -11.490064 0.100000 0.030000 0
0 13.507379 9.099999 4.388814 0.300000 0.030000 0
0 14.218293 9.620000 -4.619803 0.200000 0.030000 0
0 28.436588 4.419999 -9.239607 0.200000 0.000000 0
20
-0.711518 0.663548 0.231186
-0.391362 0.746109 0.538663
-0.857678 0.432120 0.278676
-0.633237 0.746108 -0.205751
-0.312442 0.944497 -0.101519
-0.439742 0.663548 -0.605253
-0.000000 0.663548 0.748134
-0.193100 0.944497 0.265778
-0.530074 0.432120 -0.729585
0.000000 0.432120 0.901816
-0.000000 0.746108 -0.665825
0.439742 0.663548 -0.605253
-0.000001 0.944497 -0.328521
0.391362 0.746108 0.538663
0.193100 0.944497 0.265779
0.711518 0.663548 0.231186
0.530074 0.432120 -0.729585
0.857678 0.432120 0.278676
0.633237 0.746108 -0.205751
0.312442 0.944497 -0.101519
20
0 0 1 2 0 1 2 1
0 3 0 2 3 0 2 1
0 4 3 5 4 3 5 1
0 6 1 7 6 1 7 1
0 5 3 8 5 3 8 1
0 9 1 6 9 1 6 1
0 10 11 12 10 11 12 1
0 13 14 15 13 14 15 1
0 11 10 16 11 10 16 1
0 13 15 17 13 15 17 1
0 7 1 0 7 1 0 1
0 13 9 6 13 9 6 1
0 14 13 6 14 13 6 1
0 15 18 17 15 18 17 1
0 18 15 19 18 15 19 1
0 4 0 3 4 0 3 1
0 10 5 8 10 5 8 1
0 10 12 5 10 12 5 1
0 16 18 11 16 18 11 1
0 19 11 18 19 11 18 1

Materials: 0

Bones: 1
"joint1"
""
0 0.000000 0.000000 0.000000 0.000000 0.000000 0.000000
3
1.000000 0.000000 0.000000 0.000000
40.000000 0.000000 0.000000 0.000000
80.000000 0.000000 0.000000 0.000000
3
1.000000 0.000000 0.000000 0.000000
40.000000 0.000000 -3.102808 0.000000
80.000000 0.000000 -6.205615 0.000000
GroupComments: 0
MaterialComments: 0
BoneComments: 0
ModelComment: 0
