// MilkShape 3D ASCII

Frames: 1
Frame: 1

Meshes: 1
"glass2" 0 0
22
0 134.013245 0.204650 -20.990631 0.946054 0.000759 -1
0 126.904083 0.205349 -22.104061 0.922300 0.000092 -1
0 -124.181656 0.254719 -24.449154 0.084842 0.000576 -1
0 -132.133926 0.254875 -23.259588 0.058370 0.001415 -1
0 -139.306213 0.255005 -19.790781 0.034593 0.003731 -1
0 -144.997208 0.255102 -14.381537 0.015836 0.007299 -1
0 -148.650681 0.255161 -7.561697 0.003932 0.011770 -1
0 -149.909515 0.255181 -0.000000 0.000044 0.016704 -1
0 -148.650681 0.255161 7.561696 0.004689 0.021127 -1
0 -144.997208 0.255102 14.381537 0.017037 0.025551 -1
0 -139.306213 0.255005 19.790781 0.036147 0.028748 -1
0 -132.133926 0.254875 23.259588 0.060099 0.030678 -1
0 -124.181656 0.254719 24.449154 0.086610 0.031126 -1
0 126.904083 0.205349 22.104061 0.924058 0.030200 -1
0 134.013245 0.204650 20.990629 0.947755 0.029148 -1
0 140.418411 0.204404 17.846256 0.969056 0.026774 -1
0 145.506958 0.204480 12.968191 0.985872 0.023274 -1
0 148.780487 0.204655 6.820349 0.996443 0.018752 -1
0 149.910080 0.204737 0.000001 0.999931 0.014302 -1
0 148.780487 0.204655 -6.820347 0.995884 0.009870 -1
0 145.506958 0.204480 -12.968193 0.984714 0.005892 -1
0 140.418411 0.204404 -17.846254 0.967544 0.002756 -1
1
0.000175 1.000000 -0.000000
20
0 0 1 2 0 0 0 1
0 0 2 3 0 0 0 1
0 0 3 4 0 0 0 1
0 0 4 5 0 0 0 1
0 0 5 6 0 0 0 1
0 0 6 7 0 0 0 1
0 0 7 8 0 0 0 1
0 0 8 9 0 0 0 1
0 0 9 10 0 0 0 1
0 0 10 11 0 0 0 1
0 0 11 12 0 0 0 1
0 0 12 13 0 0 0 1
0 0 13 14 0 0 0 1
0 0 14 15 0 0 0 1
0 0 15 16 0 0 0 1
0 0 16 17 0 0 0 1
0 0 17 18 0 0 0 1
0 0 18 19 0 0 0 1
0 0 19 20 0 0 0 1
0 0 20 21 0 0 0 1

Materials: 0

Bones: 0
GroupComments: 0
MaterialComments: 0
BoneComments: 0
ModelComment: 0
