// MilkShape 3D ASCII

Frames: 32
Frame: 1

Meshes: 1
"glass1" 0 0
40
0 0.000000 4.420001 -26.000000 0.000000 0.000000 -1
0 -0.000000 9.620000 -15.600000 0.000000 0.030000 -1
0 4.820665 9.620000 -14.836483 0.050000 0.030000 -1
0 8.034442 4.420001 -24.727470 0.050000 0.000000 -1
0 9.169450 9.620000 -12.620666 0.100000 0.030000 -1
0 15.282416 4.420001 -21.034443 0.100000 0.000000 -1
0 12.620666 9.620000 -9.169450 0.150000 0.030000 -1
0 21.034443 4.420001 -15.282416 0.150000 0.000000 -1
0 14.836483 9.620000 -4.820664 0.200000 0.030000 -1
0 24.727470 4.420001 -8.034441 0.200000 0.000000 -1
0 15.600000 9.620000 0.000001 0.250000 0.030000 -1
0 26.000000 4.420001 0.000001 0.250000 0.000000 -1
0 14.836481 9.620000 4.820666 0.300000 0.030000 -1
0 24.727468 4.420001 8.034443 0.300000 0.000000 -1
0 12.620666 9.620000 9.169449 0.350000 0.030000 -1
0 21.034443 4.420001 15.282414 0.350000 0.000000 -1
0 9.169449 9.620000 12.620667 0.400000 0.030000 -1
0 15.282414 4.420001 21.034443 0.400000 0.000000 -1
0 4.820666 9.620000 14.836481 0.450000 0.030000 -1
0 8.034443 4.420001 24.727468 0.450000 0.000000 -1
0 -0.000001 9.620000 15.600000 0.500000 0.030000 -1
0 -0.000002 4.420001 26.000000 0.500000 0.000000 -1
0 -4.820665 9.620000 14.836483 0.550000 0.030000 -1
0 -8.034441 4.420001 24.727470 0.550000 0.000000 -1
0 -9.169452 9.620000 12.620665 0.600000 0.030000 -1
0 -15.282419 4.420001 21.034441 0.600000 0.000000 -1
0 -12.620667 9.620000 9.169448 0.650000 0.030000 -1
0 -21.034445 4.420001 15.282412 0.650000 0.000000 -1
0 -14.836481 9.620000 4.820667 0.700000 0.030000 -1
0 -24.727468 4.420001 8.034445 0.700000 0.000000 -1
0 -15.600000 9.620000 -0.000000 0.750000 0.030000 -1
0 -26.000000 4.420001 -0.000000 0.750000 0.000000 -1
0 -14.836481 9.620000 -4.820667 0.800000 0.030000 -1
0 -24.727468 4.420001 -8.034445 0.800000 0.000000 -1
0 -12.620667 9.620000 -9.169448 0.850000 0.030000 -1
0 -21.034445 4.420001 -15.282412 0.850000 0.000000 -1
0 -9.169452 9.620000 -12.620665 0.900000 0.030000 -1
0 -15.282418 4.420001 -21.034441 0.900000 0.000000 -1
0 -4.820665 9.620000 -14.836483 0.950000 0.030000 -1
0 -8.034441 4.420001 -24.727470 0.950000 0.000000 -1
20
0.000000 0.894427 -0.447214
0.138197 0.894427 -0.425325
0.262865 0.894427 -0.361803
0.361803 0.894427 -0.262865
0.425325 0.894427 -0.138197
0.447214 0.894427 0.000000
0.425325 0.894427 0.138197
0.361803 0.894427 0.262865
0.262865 0.894427 0.361803
0.138197 0.894427 0.425325
0.000000 0.894427 0.447214
-0.138197 0.894427 0.425325
-0.262866 0.894427 0.361803
-0.361804 0.894427 0.262865
-0.425325 0.894427 0.138197
-0.447214 0.894427 0.000000
-0.425325 0.894427 -0.138197
-0.361804 0.894427 -0.262865
-0.262866 0.894427 -0.361803
-0.138197 0.894427 -0.425325
40
0 0 1 2 0 0 1 1
0 0 2 3 0 1 1 1
0 3 2 4 1 1 2 1
0 3 4 5 1 2 2 1
0 5 4 6 2 2 3 1
0 5 6 7 2 3 3 1
0 7 6 8 3 3 4 1
0 7 8 9 3 4 4 1
0 9 8 10 4 4 5 1
0 9 10 11 4 5 5 1
0 11 10 12 5 5 6 1
0 11 12 13 5 6 6 1
0 13 12 14 6 6 7 1
0 13 14 15 6 7 7 1
0 15 14 16 7 7 8 1
0 15 16 17 7 8 8 1
0 17 16 18 8 8 9 1
0 17 18 19 8 9 9 1
0 19 18 20 9 9 10 1
0 19 20 21 9 10 10 1
0 21 20 22 10 10 11 1
0 21 22 23 10 11 11 1
0 23 22 24 11 11 12 1
0 23 24 25 11 12 12 1
0 25 24 26 12 12 13 1
0 25 26 27 12 13 13 1
0 27 26 28 13 13 14 1
0 27 28 29 13 14 14 1
0 29 28 30 14 14 15 1
0 29 30 31 14 15 15 1
0 31 30 32 15 15 16 1
0 31 32 33 15 16 16 1
0 33 32 34 16 16 17 1
0 33 34 35 16 17 17 1
0 35 34 36 17 17 18 1
0 35 36 37 17 18 18 1
0 37 36 38 18 18 19 1
0 37 38 39 18 19 19 1
0 39 38 1 19 19 0 1
0 39 1 0 19 0 0 1

Materials: 0

Bones: 0
GroupComments: 0
MaterialComments: 0
BoneComments: 0
ModelComment: 0
