// MilkShape 3D ASCII

Frames: 1
Frame: 1

Meshes: 1
"border" 0 1
88
0 128.050003 0.000000 26.000000 0.094656 0.006275 -1
0 136.084457 0.000000 24.727468 0.067629 0.008807 -1
0 135.394043 2.278217 23.481855 0.071297 0.013149 -1
0 127.668030 2.278450 24.701355 0.096324 0.010771 -1
0 127.286057 2.476899 23.402708 0.097638 0.013027 -1
0 134.703644 2.476433 22.236242 0.073601 0.015314 -1
0 134.013245 0.204650 20.990629 0.077093 0.019455 -1
0 126.904083 0.205349 22.104061 0.099296 0.017447 -1
0 141.389755 2.476269 18.908985 0.051737 0.021216 -1
0 140.418411 0.204404 17.846256 0.057153 0.024770 -1
0 142.361084 2.278135 19.971714 0.048518 0.019341 -1
0 143.332428 0.000000 21.034443 0.042791 0.015605 -1
0 149.084457 0.000000 15.282414 0.022857 0.026213 -1
0 147.891953 2.278160 14.511007 0.030308 0.028960 -1
0 146.699448 2.476320 13.739599 0.034273 0.030331 -1
0 145.506958 0.204480 12.968191 0.041310 0.032944 -1
0 150.112823 2.476437 7.225047 0.023003 0.041831 -1
0 148.780487 0.204655 6.820349 0.031127 0.043221 -1
0 151.445145 2.278218 7.629745 0.018558 0.041110 -1
0 152.777466 0.000000 8.034443 0.009951 0.039646 -1
0 154.050003 0.000000 0.000001 0.005467 0.054608 -1
0 152.670029 2.278246 0.000001 0.014500 0.054607 -1
0 151.290070 2.476492 0.000001 0.019115 0.054607 -1
0 149.910080 0.204737 0.000001 0.027630 0.054607 -1
0 150.112823 2.476437 -7.225045 0.023008 0.067383 -1
0 148.780487 0.204655 -6.820347 0.031133 0.065992 -1
0 151.445145 2.278218 -7.629744 0.018562 0.068105 -1
0 152.777466 0.000000 -8.034441 0.009956 0.069568 -1
0 149.084457 0.000000 -15.282416 0.022862 0.083001 -1
0 147.891953 2.278160 -14.511009 0.030312 0.080254 -1
0 146.699448 2.476320 -13.739601 0.034278 0.078882 -1
0 145.506958 0.204480 -12.968193 0.041314 0.076270 -1
0 141.389755 2.476269 -18.908983 0.051740 0.087998 -1
0 140.418411 0.204404 -17.846254 0.057155 0.084444 -1
0 142.361084 2.278135 -19.971714 0.048522 0.089873 -1
0 143.332428 0.000000 -21.034443 0.042795 0.093609 -1
0 136.084457 0.000000 -24.727470 0.067634 0.100406 -1
0 135.394043 2.278217 -23.481857 0.071302 0.096063 -1
0 134.703644 2.476433 -22.236244 0.073606 0.093898 -1
0 134.013245 0.204650 -20.990631 0.077099 0.089757 -1
0 127.286057 2.476899 -23.402708 0.097641 0.096186 -1
0 126.904083 0.205349 -22.104061 0.099299 0.091768 -1
0 127.668030 2.278450 -24.701355 0.096328 0.098442 -1
0 128.050003 0.000000 -26.000000 0.094660 0.102939 -1
0 -128.050003 0.000000 26.000000 0.903234 0.006258 -1
0 -127.668030 2.278450 24.701355 0.901565 0.010759 -1
0 -135.394043 2.278217 23.481855 0.926598 0.013138 -1
0 -136.084457 0.000000 24.727468 0.930268 0.008795 -1
0 -127.286057 2.476899 23.402708 0.900251 0.013018 -1
0 -126.904083 0.205349 22.104061 0.898595 0.017437 -1
0 -134.013245 0.204650 20.990629 0.920800 0.019445 -1
0 -134.703644 2.476433 22.236242 0.924293 0.015303 -1
0 -140.418411 0.204404 17.846256 0.940742 0.024759 -1
0 -141.389755 2.476269 18.908985 0.946158 0.021205 -1
0 -142.361084 2.278135 19.971714 0.949377 0.019330 -1
0 -143.332428 0.000000 21.034443 0.955105 0.015594 -1
0 -147.891953 2.278160 14.511007 0.967585 0.028950 -1
0 -149.084457 0.000000 15.282414 0.975036 0.026202 -1
0 -146.699448 2.476320 13.739599 0.963620 0.030321 -1
0 -145.506958 0.204480 12.968191 0.956583 0.032934 -1
0 -148.780487 0.204655 6.820349 0.966765 0.043211 -1
0 -150.112823 2.476437 7.225047 0.974890 0.041821 -1
0 -151.445145 2.278218 7.629745 0.979335 0.041099 -1
0 -152.777466 0.000000 8.034443 0.987942 0.039635 -1
0 -152.670029 2.278246 0.000001 0.983398 0.054596 -1
0 -154.050003 0.000000 0.000001 0.992431 0.054595 -1
0 -151.290070 2.476492 0.000001 0.978783 0.054596 -1
0 -149.910080 0.204737 0.000001 0.970268 0.054597 -1
0 -148.780487 0.204655 -6.820347 0.966771 0.065982 -1
0 -150.112823 2.476437 -7.225045 0.974896 0.067372 -1
0 -151.445145 2.278218 -7.629744 0.979341 0.068094 -1
0 -152.777466 0.000000 -8.034441 0.987948 0.069557 -1
0 -147.891953 2.278160 -14.511009 0.967591 0.080243 -1
0 -149.084457 0.000000 -15.282416 0.975042 0.082991 -1
0 -146.699448 2.476320 -13.739601 0.963626 0.078872 -1
0 -145.506958 0.204480 -12.968193 0.956589 0.076259 -1
0 -140.418411 0.204404 -17.846254 0.940746 0.084434 -1
0 -141.389755 2.476269 -18.908983 0.946163 0.087988 -1
0 -142.361084 2.278135 -19.971714 0.949382 0.089863 -1
0 -143.332428 0.000000 -21.034443 0.955110 0.093599 -1
0 -135.394043 2.278217 -23.481857 0.926601 0.096056 -1
0 -136.084457 0.000000 -24.727470 0.930273 0.100398 -1
0 -134.703644 2.476433 -22.236244 0.924296 0.093890 -1
0 -134.013245 0.204650 -20.990631 0.920801 0.089748 -1
0 -126.904083 0.205349 -22.104061 0.898598 0.091759 -1
0 -127.286057 2.476899 -23.402708 0.900255 0.096178 -1
0 -127.668030 2.278450 -24.701355 0.901571 0.098440 -1
0 -128.050003 0.000000 -26.000000 0.903242 0.102939 -1
66
0.134621 0.507039 0.851345
-0.133508 0.508031 -0.850929
0.022829 0.989226 0.144604
-0.377046 0.525401 -0.762751
0.062596 0.990186 0.124958
0.384723 0.524950 0.759221
0.599015 0.527122 0.602764
0.097276 0.990300 0.099209
-0.590259 0.527680 -0.610859
-0.754153 0.522159 -0.398249
0.125110 0.990006 0.065077
0.759339 0.521294 0.389431
0.846116 0.515644 0.134902
0.141259 0.989709 0.022848
-0.844847 0.516701 -0.138756
-0.844847 0.516701 0.138755
0.141259 0.989709 -0.022848
0.846116 0.515644 -0.134901
0.759339 0.521294 -0.389432
0.125110 0.990006 -0.065077
-0.754153 0.522159 0.398250
-0.590258 0.527679 0.610860
0.097276 0.990300 -0.099209
0.599014 0.527122 -0.602764
0.384723 0.524950 -0.759221
0.062596 0.990185 -0.124958
-0.377047 0.525401 0.762751
-0.133508 0.508031 0.850929
0.022829 0.989226 -0.144604
0.134621 0.507039 -0.851345
-0.134621 0.507039 0.851345
0.133508 0.508031 -0.850929
-0.022829 0.989226 0.144604
0.377046 0.525401 -0.762751
-0.062596 0.990186 0.124958
-0.384723 0.524950 0.759221
-0.599015 0.527122 0.602764
-0.097276 0.990300 0.099209
0.590259 0.527680 -0.610859
0.754153 0.522159 -0.398250
-0.125110 0.990006 0.065077
-0.759339 0.521294 0.389431
-0.846116 0.515644 0.134901
-0.141259 0.989709 0.022848
0.844847 0.516701 -0.138756
0.844847 0.516701 0.138756
-0.141259 0.989709 -0.022848
-0.846116 0.515644 -0.134901
-0.759339 0.521294 -0.389431
-0.125110 0.990006 -0.065077
0.754153 0.522159 0.398249
0.590259 0.527679 0.610860
-0.097276 0.990300 -0.099209
-0.599014 0.527122 -0.602764
-0.384723 0.524950 -0.759221
-0.062596 0.990186 -0.124958
0.377047 0.525401 0.762751
0.133508 0.508032 0.850929
-0.022829 0.989226 -0.144604
-0.134621 0.507039 -0.851345
0.000000 0.495183 -0.868789
0.000000 0.988525 -0.151059
0.000000 0.496318 0.868141
0.000000 0.496317 -0.868141
0.000000 0.988525 0.151059
0.000000 0.495183 0.868789
132
0 0 1 2 0 0 0 1
0 0 2 3 0 0 0 1
0 4 5 6 1 1 1 1
0 4 6 7 1 1 1 1
0 4 3 2 2 2 2 1
0 4 2 5 2 2 2 1
0 5 8 9 3 3 3 1
0 5 9 6 3 3 3 1
0 10 8 5 4 4 4 1
0 10 5 2 4 4 4 1
0 10 2 1 5 5 5 1
0 10 1 11 5 5 5 1
0 11 12 13 6 6 6 1
0 11 13 10 6 6 6 1
0 14 8 10 7 7 7 1
0 14 10 13 7 7 7 1
0 15 9 8 8 8 8 1
0 15 8 14 8 8 8 1
0 14 16 17 9 9 9 1
0 14 17 15 9 9 9 1
0 18 16 14 10 10 10 1
0 18 14 13 10 10 10 1
0 18 13 12 11 11 11 1
0 18 12 19 11 11 11 1
0 19 20 21 12 12 12 1
0 19 21 18 12 12 12 1
0 22 16 18 13 13 13 1
0 22 18 21 13 13 13 1
0 23 17 16 14 14 14 1
0 23 16 22 14 14 14 1
0 22 24 25 15 15 15 1
0 22 25 23 15 15 15 1
0 26 24 22 16 16 16 1
0 26 22 21 16 16 16 1
0 26 21 20 17 17 17 1
0 26 20 27 17 17 17 1
0 27 28 29 18 18 18 1
0 27 29 26 18 18 18 1
0 30 24 26 19 19 19 1
0 30 26 29 19 19 19 1
0 30 31 25 20 20 20 1
0 30 25 24 20 20 20 1
0 30 32 33 21 21 21 1
0 30 33 31 21 21 21 1
0 34 32 30 22 22 22 1
0 34 30 29 22 22 22 1
0 35 34 29 23 23 23 1
0 35 29 28 23 23 23 1
0 35 36 37 24 24 24 1
0 35 37 34 24 24 24 1
0 38 32 34 25 25 25 1
0 38 34 37 25 25 25 1
0 38 39 33 26 26 26 1
0 38 33 32 26 26 26 1
0 38 40 41 27 27 27 1
0 38 41 39 27 27 27 1
0 42 40 38 28 28 28 1
0 42 38 37 28 28 28 1
0 43 42 37 29 29 29 1
0 43 37 36 29 29 29 1
0 44 45 46 30 30 30 1
0 44 46 47 30 30 30 1
0 48 49 50 31 31 31 1
0 48 50 51 31 31 31 1
0 48 51 46 32 32 32 1
0 48 46 45 32 32 32 1
0 51 50 52 33 33 33 1
0 51 52 53 33 33 33 1
0 54 46 51 34 34 34 1
0 54 51 53 34 34 34 1
0 54 55 47 35 35 35 1
0 54 47 46 35 35 35 1
0 55 54 56 36 36 36 1
0 55 56 57 36 36 36 1
0 58 56 54 37 37 37 1
0 58 54 53 37 37 37 1
0 59 58 53 38 38 38 1
0 59 53 52 38 38 38 1
0 58 59 60 39 39 39 1
0 58 60 61 39 39 39 1
0 62 56 58 40 40 40 1
0 62 58 61 40 40 40 1
0 62 63 57 41 41 41 1
0 62 57 56 41 41 41 1
0 63 62 64 42 42 42 1
0 63 64 65 42 42 42 1
0 66 64 62 43 43 43 1
0 66 62 61 43 43 43 1
0 67 66 61 44 44 44 1
0 67 61 60 44 44 44 1
0 66 67 68 45 45 45 1
0 66 68 69 45 45 45 1
0 70 64 66 46 46 46 1
0 70 66 69 46 46 46 1
0 70 71 65 47 47 47 1
0 70 65 64 47 47 47 1
0 71 70 72 48 48 48 1
0 71 72 73 48 48 48 1
0 74 72 70 49 49 49 1
0 74 70 69 49 49 49 1
0 74 69 68 50 50 50 1
0 74 68 75 50 50 50 1
0 74 75 76 51 51 51 1
0 74 76 77 51 51 51 1
0 78 72 74 52 52 52 1
0 78 74 77 52 52 52 1
0 79 73 72 53 53 53 1
0 79 72 78 53 53 53 1
0 79 78 80 54 54 54 1
0 79 80 81 54 54 54 1
0 82 80 78 55 55 55 1
0 82 78 77 55 55 55 1
0 82 77 76 56 56 56 1
0 82 76 83 56 56 56 1
0 82 83 84 57 57 57 1
0 82 84 85 57 57 57 1
0 86 80 82 58 58 58 1
0 86 82 85 58 58 58 1
0 87 81 80 59 59 59 1
0 87 80 86 59 59 59 1
0 42 43 87 60 60 60 1
0 42 87 86 60 60 60 1
0 40 42 86 61 61 61 1
0 40 86 85 61 61 61 1
0 40 85 84 62 62 62 1
0 40 84 41 62 62 62 1
0 4 7 49 63 63 63 1
0 4 49 48 63 63 63 1
0 3 4 48 64 64 64 1
0 3 48 45 64 64 64 1
0 0 3 45 65 65 65 1
0 0 45 44 65 65 65 1

Materials: 0

Bones: 0
GroupComments: 0
MaterialComments: 0
BoneComments: 0
ModelComment: 0
